"Date","Price","Open","High","Low","Vol","Change"
"Jun 13, 2013","269.0","261.0","269.0","260.0","0.01K","3.07%"
"Jun 14, 2013","248.0","269.0","269.0","245.0","0.03K","-7.81%"
"Jun 15, 2013","260.0","248.0","263.0","248.0","0.03K","4.83%"
"Jun 16, 2013","257.4","260.0","260.0","246.0","0.00K","-0.98%"
"Jun 17, 2013","252.0","257.4","257.4","252.0","0.01K","-2.11%"
"Jun 18, 2013","263.0","252.0","263.0","246.1","0.03K","4.37%"
"Jun 19, 2013","260.0","263.0","265.0","251.0","0.00K","-1.14%"
"Jun 20, 2013","269.0","260.0","269.0","260.0","0.03K","3.46%"
"Jun 21, 2013","268.0","269.0","269.0","250.2","0.02K","-0.37%"
"Jun 22, 2013","267.3","268.0","268.0","250.2","0.01K","-0.28%"
"Jun 23, 2013","251.0","267.3","267.3","251.0","0.00K","-6.07%"
"Jun 24, 2013","259.0","251.0","259.5","250.0","0.02K","3.18%"
"Jun 25, 2013","268.5","259.0","268.9","250.0","0.04K","3.67%"
"Jun 26, 2013","264.9","268.5","268.5","252.5","0.02K","-1.34%"
"Jun 27, 2013","259.0","264.9","264.9","253.0","0.04K","-2.22%"
"Jun 28, 2013","254.6","259.0","259.0","246.6","0.02K","-1.72%"
"Jun 29, 2013","230.0","254.6","255.0","221.0","0.04K","-9.64%"
"Jun 30, 2013","247.0","230.0","249.9","220.0","0.01K","7.39%"
"Jul 01, 2013","233.9","247.0","254.0","202.0","0.04K","-5.30%"
"Jul 02, 2013","229.8","233.9","233.9","200.0","0.05K","-1.77%"
"Jul 03, 2013","210.0","229.8","268.5","196.0","0.14K","-8.60%"
"Jul 04, 2013","255.0","210.0","299.0","185.0","0.19K","21.43%"
"Jul 05, 2013","219.0","255.0","258.5","200.0","0.28K","-14.12%"
"Jul 06, 2013","200.0","219.0","219.0","196.5","0.09K","-8.68%"
"Jul 07, 2013","209.0","200.0","209.0","191.0","0.04K","4.50%"
"Jul 08, 2013","212.5","209.0","215.0","200.0","0.08K","1.67%"
"Jul 09, 2013","196.5","212.5","212.5","196.5","0.07K","-7.53%"
"Jul 10, 2013","209.0","196.5","209.0","196.1","0.16K","6.36%"
"Jul 11, 2013","212.9","209.0","217.9","208.8","0.04K","1.87%"
"Jul 12, 2013","240.0","212.9","242.0","212.9","0.08K","12.73%"
"Jul 13, 2013","219.2","240.0","240.0","219.2","0.02K","-8.68%"
"Jul 14, 2013","225.0","219.2","229.9","218.0","0.02K","2.66%"
"Jul 15, 2013","234.0","225.0","234.5","217.0","0.05K","4.00%"
"Jul 16, 2013","222.2","234.0","234.0","220.0","0.07K","-5.03%"
"Jul 17, 2013","225.0","222.2","228.0","222.2","0.19K","1.25%"
"Jul 18, 2013","223.0","225.0","242.0","216.4","0.17K","-0.89%"
"Jul 19, 2013","224.0","223.0","227.9","220.1","0.07K","0.45%"
"Jul 20, 2013","220.1","224.0","225.0","220.1","0.05K","-1.74%"
"Jul 21, 2013","223.0","220.1","223.5","218.9","0.01K","1.31%"
"Jul 22, 2013","220.0","223.0","223.0","212.0","0.11K","-1.35%"
"Jul 23, 2013","218.0","220.0","220.9","214.0","0.02K","-0.91%"
"Jul 24, 2013","221.0","218.0","221.0","213.5","0.06K","1.38%"
"Jul 25, 2013","218.6","221.0","221.0","214.0","0.01K","-1.08%"
"Jul 26, 2013","218.0","218.6","221.0","217.5","0.04K","-0.28%"
"Jul 27, 2013","217.3","218.0","221.0","217.3","0.01K","-0.30%"
"Jul 28, 2013","221.0","217.3","221.0","217.3","0.01K","1.68%"
"Jul 29, 2013","225.8","221.0","228.0","221.0","0.03K","2.17%"
"Jul 30, 2013","232.0","225.8","246.0","225.8","0.18K","2.75%"
"Jul 31, 2013","230.0","232.0","241.0","230.0","0.04K","-0.86%"
"Aug 01, 2013","236.0","230.0","240.0","230.0","0.06K","2.61%"
"Aug 02, 2013","240.0","236.0","250.0","236.0","0.09K","1.69%"
"Aug 03, 2013","235.0","240.0","261.0","232.0","0.03K","-2.08%"
"Aug 04, 2013","232.2","235.0","235.5","232.0","0.00K","-1.19%"
"Aug 05, 2013","240.0","232.2","243.5","232.2","0.05K","3.36%"
"Aug 06, 2013","230.0","240.0","240.0","226.0","0.07K","-4.17%"
"Aug 07, 2013","237.8","230.0","238.0","228.1","0.02K","3.38%"
"Aug 08, 2013","236.0","237.8","237.8","225.0","0.04K","-0.75%"
"Aug 09, 2013","230.0","236.0","236.0","220.0","0.04K","-2.54%"
"Aug 10, 2013","218.0","230.0","230.0","218.0","0.01K","-5.22%"
"Aug 11, 2013","212.5","218.0","226.0","212.5","0.00K","-2.52%"
"Aug 12, 2013","232.2","212.5","234.0","212.5","0.04K","9.28%"
"Aug 13, 2013","240.0","232.2","240.0","228.0","0.08K","3.35%"
"Aug 14, 2013","243.0","240.0","250.0","230.1","0.06K","1.27%"
"Aug 15, 2013","249.5","243.0","255.0","243.0","0.13K","2.66%"
"Aug 16, 2013","248.0","249.5","249.5","246.0","0.05K","-0.61%"
"Aug 17, 2013","248.0","248.0","248.0","245.0","0.01K","0.00%"
"Aug 18, 2013","249.0","248.0","249.0","245.5","0.00K","0.40%"
"Aug 19, 2013","270.0","249.0","274.8","249.0","0.07K","8.43%"
"Aug 20, 2013","275.0","270.0","275.0","268.9","0.05K","1.85%"
"Aug 21, 2013","285.0","275.0","285.0","274.9","0.08K","3.64%"
"Aug 22, 2013","286.0","285.0","295.0","277.0","0.03K","0.35%"
"Aug 23, 2013","289.0","286.0","294.4","271.1","0.12K","1.04%"
"Aug 24, 2013","276.0","289.0","289.0","272.0","0.00K","-4.49%"
"Aug 25, 2013","273.0","276.0","278.0","273.0","0.00K","-1.09%"
"Aug 26, 2013","283.5","273.0","283.5","273.0","0.03K","3.85%"
"Aug 27, 2013","304.0","283.5","306.1","278.0","0.06K","7.23%"
"Aug 28, 2013","302.0","304.0","315.0","298.1","0.06K","-0.66%"
"Aug 29, 2013","311.0","302.0","315.0","300.0","0.05K","2.96%"
"Aug 30, 2013","320.0","311.0","320.0","304.0","0.09K","2.89%"
"Aug 31, 2013","345.0","320.0","345.0","315.1","0.01K","7.83%"
"Sep 01, 2013","337.0","345.0","345.0","335.0","0.02K","-2.32%"
"Sep 02, 2013","347.8","337.0","348.5","335.0","0.08K","3.20%"
"Sep 03, 2013","342.0","347.8","347.8","340.0","0.06K","-1.66%"
"Sep 04, 2013","320.0","342.0","342.0","300.0","0.09K","-6.43%"
"Sep 05, 2013","320.0","320.0","337.0","300.0","0.07K","0.00%"
"Sep 06, 2013","304.0","320.0","334.0","300.0","0.04K","-5.00%"
"Sep 07, 2013","309.4","304.0","309.4","252.0","0.01K","1.78%"
"Sep 08, 2013","261.2","309.4","309.4","261.0","0.01K","-15.58%"
"Sep 09, 2013","301.0","261.2","309.0","261.0","0.03K","15.24%"
"Sep 10, 2013","308.9","301.0","309.0","286.0","0.02K","2.63%"
"Sep 11, 2013","301.2","308.9","313.0","300.0","0.06K","-2.50%"
"Sep 12, 2013","317.0","301.2","320.0","301.2","0.04K","5.25%"
"Sep 13, 2013","306.0","317.0","317.0","305.0","0.04K","-3.47%"
"Sep 14, 2013","303.0","306.0","314.0","303.0","0.01K","-0.98%"
"Sep 15, 2013","307.0","303.0","307.0","303.0","0.00K","1.32%"
"Sep 16, 2013","319.3","307.0","319.7","302.1","0.02K","4.00%"
"Sep 17, 2013","318.9","319.3","319.3","312.5","0.01K","-0.13%"
"Sep 18, 2013","318.9","318.9","318.9","306.0","0.06K","0.00%"
"Sep 19, 2013","312.9","318.9","318.9","290.0","0.07K","-1.89%"
"Sep 20, 2013","313.0","312.9","313.0","281.0","0.02K","0.04%"
"Sep 21, 2013","316.9","313.0","316.9","310.6","0.00K","1.25%"
"Sep 22, 2013","298.0","316.9","316.9","298.0","0.01K","-5.96%"
"Sep 23, 2013","313.0","298.0","313.0","298.0","0.01K","5.03%"
"Sep 24, 2013","303.7","313.0","313.0","299.0","0.02K","-2.98%"
"Sep 25, 2013","312.0","303.7","316.9","301.0","0.08K","2.74%"
"Sep 26, 2013","314.0","312.0","314.0","308.5","0.04K","0.64%"
"Sep 27, 2013","330.0","314.0","330.0","313.0","0.08K","5.10%"
"Sep 28, 2013","330.0","330.0","337.0","313.4","0.01K","0.00%"
"Sep 29, 2013","343.9","335.0","344.8","315.0","0.05K","4.21%"
"Sep 30, 2013","335.4","343.9","343.9","317.5","0.04K","-2.47%"
"Oct 01, 2013","329.0","335.4","343.9","320.0","0.06K","-1.90%"
"Oct 02, 2013","270.0","329.0","329.0","256.0","0.25K","-17.93%"
"Oct 03, 2013","299.7","270.0","303.0","262.5","0.06K","10.99%"
"Oct 04, 2013","300.0","299.7","306.0","292.2","0.11K","0.11%"
"Oct 05, 2013","300.0","300.0","306.0","299.0","0.01K","0.00%"
"Oct 06, 2013","298.0","300.0","306.0","298.0","0.00K","-0.67%"
"Oct 07, 2013","315.0","298.0","328.0","296.0","0.06K","5.70%"
"Oct 08, 2013","308.0","315.0","315.0","299.6","0.06K","-2.22%"
"Oct 09, 2013","303.0","308.0","316.0","303.0","0.05K","-1.62%"
"Oct 10, 2013","314.9","303.0","316.0","303.0","0.05K","3.93%"
"Oct 11, 2013","312.0","314.9","315.0","307.0","0.03K","-0.92%"
"Oct 12, 2013","312.2","312.0","313.0","308.0","0.02K","0.08%"
"Oct 13, 2013","306.0","312.2","313.0","306.0","0.06K","-1.99%"
"Oct 14, 2013","331.0","306.0","342.0","297.0","0.08K","8.16%"
"Oct 15, 2013","355.0","331.0","359.0","321.4","0.05K","7.25%"
"Oct 16, 2013","343.6","355.0","358.9","335.0","0.08K","-3.21%"
"Oct 17, 2013","349.0","343.6","349.0","337.7","0.03K","1.57%"
"Oct 18, 2013","358.4","349.0","360.0","340.0","0.05K","2.70%"
"Oct 19, 2013","434.9","358.4","756.3","346.0","0.10K","21.33%"
"Oct 20, 2013","416.0","434.9","441.0","416.0","0.01K","-4.34%"
"Oct 21, 2013","416.0","416.0","428.4","390.0","0.04K","0.00%"
"Oct 22, 2013","420.0","416.0","444.0","416.0","0.08K","0.96%"
"Oct 23, 2013","497.0","420.0","497.0","420.0","0.07K","18.33%"
"Oct 24, 2013","445.0","497.0","497.0","365.0","0.05K","-10.46%"
"Oct 25, 2013","464.0","445.0","469.0","380.0","0.07K","4.27%"
"Oct 26, 2013","450.0","464.0","467.0","425.0","0.02K","-3.02%"
"Oct 27, 2013","455.0","450.0","455.0","420.0","0.01K","1.11%"
"Oct 28, 2013","445.0","455.0","480.0","436.5","0.14K","-2.20%"
"Oct 29, 2013","489.0","445.0","489.0","442.0","0.02K","9.89%"
"Oct 30, 2013","470.0","489.0","489.0","454.1","0.01K","-3.88%"
"Oct 31, 2013","484.8","470.0","489.0","465.0","0.05K","3.15%"
"Nov 01, 2013","489.0","484.8","489.0","465.0","0.04K","0.86%"
"Nov 02, 2013","485.0","489.0","489.0","471.0","0.01K","-0.82%"
"Nov 03, 2013","513.2","485.0","513.2","471.5","0.04K","5.82%"
"Nov 04, 2013","629.8","513.2","629.8","485.0","0.08K","22.72%"
"Nov 05, 2013","641.0","629.8","648.9","557.0","0.11K","1.78%"
"Nov 06, 2013","678.0","641.0","679.0","615.0","0.09K","5.77%"
"Nov 07, 2013","770.0","678.0","797.2","670.0","0.14K","13.57%"
"Nov 08, 2013","919.0","770.0","930.0","711.0","0.18K","19.35%"
"Nov 09, 2013","870.0","919.0","989.4","860.0","0.07K","-5.33%"
"Nov 10, 2013","850.0","870.0","948.0","703.0","0.05K","-2.30%"
"Nov 11, 2013","937.0","850.0","943.0","850.0","0.06K","10.23%"
"Nov 12, 2013","903.2","937.0","988.0","902.0","0.08K","-3.61%"
"Nov 13, 2013","1,130.0","903.2","1,175.0","903.2","0.15K","25.11%"
"Nov 14, 2013","1,125.0","1,130.0","1,174.0","1,016.0","0.09K","-0.44%"
"Nov 15, 2013","1,148.0","1,125.0","1,170.0","990.0","0.06K","2.04%"
"Nov 16, 2013","1,147.0","1,148.0","1,148.0","1,005.0","0.01K","-0.09%"
"Nov 17, 2013","1,274.0","1,147.0","1,275.0","1,100.0","0.04K","11.07%"
"Nov 18, 2013","1,850.0","1,274.0","2,200.0","1,211.0","0.25K","45.21%"
"Nov 19, 2013","1,779.8","1,850.0","2,112.0","1,600.0","0.22K","-3.80%"
"Nov 20, 2013","1,620.0","1,779.8","1,800.0","1,001.0","0.15K","-8.98%"
"Nov 21, 2013","1,810.0","1,620.0","1,830.0","1,600.0","0.11K","11.73%"
"Nov 22, 2013","1,948.0","1,810.0","1,950.0","1,780.6","0.08K","7.62%"
"Nov 23, 2013","1,960.0","1,948.0","2,001.0","1,869.0","0.06K","0.62%"
"Nov 24, 2013","1,946.5","1,960.0","1,988.0","1,703.0","0.07K","-0.69%"
"Nov 25, 2013","1,980.0","1,946.5","2,020.0","1,879.5","0.09K","1.72%"
"Nov 26, 2013","2,108.0","1,980.0","2,160.0","1,930.0","0.16K","6.46%"
"Nov 27, 2013","2,775.0","2,108.0","2,850.0","2,108.0","0.22K","31.64%"
"Nov 28, 2013","3,250.0","2,775.0","3,450.0","2,570.0","0.27K","17.12%"
"Nov 29, 2013","3,317.0","3,250.0","3,600.0","2,750.0","0.22K","2.06%"
"Nov 30, 2013","3,090.0","3,317.0","3,391.0","3,003.0","0.09K","-6.84%"
"Dec 01, 2013","2,622.3","3,090.0","3,192.0","2,300.0","0.18K","-15.14%"
"Dec 02, 2013","2,850.0","2,622.3","3,100.0","2,621.0","0.07K","8.68%"
"Dec 03, 2013","2,980.0","2,850.0","3,000.0","2,806.0","0.08K","4.56%"
"Dec 04, 2013","3,000.0","2,980.0","3,100.0","2,905.0","0.10K","0.67%"
"Dec 05, 2013","2,930.0","3,000.0","3,150.0","2,551.0","0.15K","-2.33%"
"Dec 06, 2013","2,450.0","2,930.0","2,960.0","2,250.0","0.17K","-16.38%"
"Dec 07, 2013","1,990.0","2,450.0","2,660.0","1,650.4","0.21K","-18.78%"
"Dec 08, 2013","2,108.0","1,990.0","2,180.0","1,600.0","0.09K","5.93%"
"Dec 09, 2013","2,330.0","2,108.0","2,498.1","2,055.0","0.08K","10.53%"
"Dec 10, 2013","2,490.0","2,330.0","2,622.0","2,257.0","0.09K","6.87%"
"Dec 11, 2013","2,291.0","2,490.0","2,550.0","2,110.0","0.10K","-7.99%"
"Dec 12, 2013","2,203.0","2,291.0","2,365.0","2,200.0","0.06K","-3.84%"
"Dec 13, 2013","2,140.0","2,203.0","2,295.0","2,050.0","0.06K","-2.86%"
"Dec 14, 2013","2,180.0","2,140.0","2,180.0","1,991.0","0.05K","1.87%"
"Dec 15, 2013","2,094.9","2,180.0","2,183.0","2,001.0","0.02K","-3.91%"
"Dec 16, 2013","1,785.0","2,094.9","2,182.0","1,640.0","0.12K","-14.79%"
"Dec 17, 2013","1,750.0","1,785.0","1,889.0","1,550.0","0.11K","-1.96%"
"Dec 18, 2013","1,421.0","1,809.5","1,819.5","750.0","0.26K","-18.80%"
"Dec 19, 2013","1,863.3","1,421.0","1,900.0","1,288.0","0.09K","31.13%"
"Dec 20, 2013","1,600.0","1,863.3","1,880.0","1,600.0","0.07K","-14.13%"
"Dec 21, 2013","1,609.0","1,600.0","1,697.0","1,512.2","0.05K","0.56%"
"Dec 22, 2013","1,642.0","1,609.0","1,698.0","1,550.0","0.02K","2.05%"
"Dec 23, 2013","1,748.0","1,642.0","1,748.0","1,620.0","0.04K","6.46%"
"Dec 24, 2013","1,749.5","1,748.0","1,780.0","1,681.0","0.04K","0.09%"
"Dec 25, 2013","1,691.0","1,749.5","1,750.0","1,682.0","0.02K","-3.34%"
"Dec 26, 2013","1,890.0","1,691.0","1,924.0","1,690.0","0.06K","11.77%"
"Dec 27, 2013","1,803.0","1,890.0","1,925.0","1,801.0","0.08K","-4.60%"
"Dec 28, 2013","1,866.3","1,803.0","1,891.5","1,799.0","0.03K","3.51%"
"Dec 29, 2013","1,868.6","1,866.3","1,880.0","1,781.0","0.02K","0.12%"
"Dec 30, 2013","1,850.0","1,868.6","1,891.1","1,810.0","0.02K","-1.00%"
"Dec 31, 2013","1,850.0","1,850.0","1,889.0","1,823.3","0.01K","0.00%"
"Jan 01, 2014","1,870.0","1,850.0","1,890.0","1,841.0","0.02K","1.08%"
"Jan 02, 2014","1,935.0","1,870.0","1,950.0","1,841.0","0.04K","3.48%"
"Jan 03, 2014","2,106.0","1,935.0","2,108.0","1,889.0","0.06K","8.84%"
"Jan 04, 2014","2,150.0","2,106.0","2,199.0","1,990.0","0.04K","2.09%"
"Jan 05, 2014","2,240.0","2,150.0","2,300.0","2,100.0","0.03K","4.19%"
"Jan 06, 2014","2,295.0","2,240.0","2,575.0","2,225.0","0.11K","2.46%"
"Jan 07, 2014","2,159.0","2,295.0","2,340.0","1,998.0","0.11K","-5.93%"
"Jan 08, 2014","2,129.9","2,159.0","2,189.9","1,900.0","0.08K","-1.35%"
"Jan 09, 2014","2,199.3","2,050.0","2,199.3","2,012.0","0.06K","3.26%"
"Jan 10, 2014","2,100.0","2,199.3","2,200.0","2,083.0","0.07K","-4.52%"
"Jan 11, 2014","2,200.0","2,100.0","2,270.0","2,100.0","0.07K","4.76%"
"Jan 12, 2014","2,100.0","2,200.0","2,250.0","2,086.0","0.03K","-4.55%"
"Jan 13, 2014","2,083.0","2,100.0","2,100.0","2,030.0","0.06K","-0.81%"
"Jan 14, 2014","2,046.0","2,083.0","2,099.0","2,000.0","0.06K","-1.78%"
"Jan 15, 2014","1,938.0","2,046.0","2,075.0","1,937.0","0.05K","-5.28%"
"Jan 16, 2014","1,998.0","1,938.0","2,100.0","1,938.0","0.09K","3.10%"
"Jan 17, 2014","1,943.5","1,998.0","2,000.0","1,891.2","0.06K","-2.73%"
"Jan 18, 2014","1,950.0","1,943.5","2,000.0","1,859.0","0.02K","0.33%"
"Jan 19, 2014","1,950.0","1,950.0","1,998.0","1,931.0","0.01K","0.00%"
"Jan 20, 2014","1,900.0","1,950.0","2,000.0","1,890.0","0.05K","-2.56%"
"Jan 21, 2014","1,933.3","1,900.0","2,090.0","1,859.0","0.11K","1.75%"
"Jan 22, 2014","1,982.0","1,933.3","2,040.0","1,900.0","0.05K","2.52%"
"Jan 23, 2014","1,919.0","1,982.0","1,982.0","1,875.0","0.07K","-3.18%"
"Jan 24, 2014","1,950.0","1,919.0","1,959.0","1,860.5","0.10K","1.62%"
"Jan 25, 2014","1,900.0","1,950.0","1,950.0","1,860.6","0.02K","-2.56%"
"Jan 26, 2014","1,910.0","1,900.0","1,966.0","1,850.0","0.05K","0.53%"
"Jan 27, 2014","1,860.0","1,910.0","1,966.0","1,860.0","0.05K","-2.62%"
"Jan 28, 2014","1,964.9","1,860.0","1,964.9","1,850.0","0.06K","5.64%"
"Jan 29, 2014","1,980.0","1,964.9","2,246.4","1,910.0","0.06K","0.77%"
"Jan 30, 2014","1,930.0","1,980.0","2,014.0","1,840.0","0.09K","-2.53%"
"Jan 31, 2014","1,840.4","1,930.0","1,941.0","1,839.0","0.09K","-4.64%"
"Feb 01, 2014","1,890.0","1,840.4","1,920.0","1,812.1","0.04K","2.70%"
"Feb 02, 2014","1,850.0","1,890.0","1,890.0","1,845.5","0.01K","-2.12%"
"Feb 03, 2014","1,906.0","1,850.0","1,940.0","1,850.0","0.04K","3.03%"
"Feb 04, 2014","1,948.0","1,906.0","1,950.0","1,834.0","0.08K","2.20%"
"Feb 05, 2014","1,910.0","1,948.0","1,948.0","1,853.0","0.06K","-1.95%"
"Feb 06, 2014","1,900.0","1,910.0","1,920.0","1,870.0","0.05K","-0.52%"
"Feb 07, 2014","1,800.0","1,900.0","1,900.0","1,621.0","0.14K","-5.26%"
"Feb 08, 2014","1,680.0","1,800.0","1,800.0","1,620.0","0.06K","-6.67%"
"Feb 09, 2014","1,680.0","1,680.0","1,700.0","1,560.0","0.04K","0.00%"
"Feb 10, 2014","1,608.0","1,680.0","1,680.0","1,455.0","0.13K","-4.29%"
"Feb 11, 2014","1,600.0","1,608.0","1,700.0","1,560.9","0.13K","-0.50%"
"Feb 12, 2014","1,640.0","1,600.0","1,650.0","1,600.0","0.07K","2.50%"
"Feb 13, 2014","1,580.0","1,640.0","1,671.0","1,580.0","0.10K","-3.66%"
"Feb 14, 2014","1,687.0","1,580.0","1,698.0","1,490.0","0.10K","6.77%"
"Feb 15, 2014","1,603.3","1,687.0","1,694.0","1,556.0","0.02K","-4.96%"
"Feb 16, 2014","1,579.0","1,603.3","1,680.0","1,554.0","0.03K","-1.52%"
"Feb 17, 2014","1,599.0","1,579.0","1,663.0","1,558.0","0.06K","1.27%"
"Feb 18, 2014","1,595.0","1,599.0","1,700.0","1,500.0","0.13K","-0.25%"
"Feb 19, 2014","1,550.0","1,595.0","1,595.0","1,500.0","0.11K","-2.82%"
"Feb 20, 2014","1,400.0","1,550.0","1,600.0","1,400.0","0.16K","-9.68%"
"Feb 21, 2014","1,495.0","1,400.0","1,600.0","1,311.0","0.08K","6.79%"
"Feb 22, 2014","1,425.0","1,495.0","1,500.0","1,403.3","0.02K","-4.68%"
"Feb 23, 2014","1,450.0","1,425.0","1,499.5","1,425.0","0.03K","1.75%"
"Feb 24, 2014","1,409.0","1,450.0","1,500.0","1,350.0","0.06K","-2.83%"
"Feb 25, 2014","1,230.0","1,381.0","1,400.0","1,200.0","0.09K","-12.70%"
"Feb 26, 2014","1,362.0","1,230.0","1,395.0","1,230.0","0.08K","10.73%"
"Feb 27, 2014","1,417.0","1,362.0","1,440.0","1,360.0","0.06K","4.04%"
"Feb 28, 2014","1,372.0","1,417.0","1,435.0","1,350.0","0.05K","-3.18%"
"Mar 01, 2014","1,415.0","1,372.0","1,421.0","1,372.0","0.01K","3.13%"
"Mar 02, 2014","1,415.0","1,415.0","1,415.0","1,390.0","0.01K","0.00%"
"Mar 03, 2014","1,600.0","1,415.0","1,630.0","1,390.0","0.03K","13.07%"
"Mar 04, 2014","1,569.7","1,600.0","1,620.0","1,400.0","0.05K","-1.89%"
"Mar 05, 2014","1,526.0","1,569.7","1,569.7","1,520.0","0.02K","-2.78%"
"Mar 06, 2014","1,530.0","1,526.0","1,550.0","1,485.0","0.03K","0.26%"
"Mar 07, 2014","1,477.8","1,530.0","1,530.0","1,451.0","0.05K","-3.42%"
"Mar 08, 2014","1,484.5","1,477.8","1,495.5","1,435.0","0.01K","0.46%"
"Mar 09, 2014","1,470.0","1,484.5","1,494.0","1,400.0","0.02K","-0.98%"
"Mar 10, 2014","1,490.0","1,470.0","1,500.0","1,470.0","0.03K","1.36%"
"Mar 11, 2014","1,498.0","1,490.0","1,500.0","1,475.0","0.03K","0.54%"
"Mar 12, 2014","1,524.0","1,498.0","1,528.0","1,435.0","0.07K","1.74%"
"Mar 13, 2014","1,537.8","1,524.0","1,540.0","1,480.1","0.02K","0.90%"
"Mar 14, 2014","1,538.2","1,537.8","1,556.8","1,482.0","0.08K","0.03%"
"Mar 15, 2014","1,550.6","1,538.2","1,550.6","1,502.0","0.02K","0.81%"
"Mar 16, 2014","1,510.0","1,550.6","1,550.6","1,500.0","0.03K","-2.62%"
"Mar 17, 2014","1,524.0","1,510.0","1,530.0","1,488.0","0.04K","0.93%"
"Mar 18, 2014","1,505.0","1,524.0","1,530.0","1,452.5","0.09K","-1.25%"
"Mar 19, 2014","1,550.0","1,505.0","1,567.4","1,480.0","0.06K","2.99%"
"Mar 20, 2014","1,515.0","1,550.0","1,897.5","1,509.2","0.04K","-2.26%"
"Mar 21, 2014","1,528.0","1,515.0","1,550.0","1,492.1","0.04K","0.86%"
"Mar 22, 2014","1,494.0","1,528.0","1,528.0","1,492.0","0.02K","-2.22%"
"Mar 23, 2014","1,477.0","1,494.0","1,510.0","1,475.0","0.02K","-1.14%"
"Mar 24, 2014","1,495.0","1,477.0","1,500.0","1,462.8","0.06K","1.22%"
"Mar 25, 2014","1,500.0","1,495.0","1,500.0","1,471.0","0.05K","0.33%"
"Mar 26, 2014","1,495.1","1,500.0","1,525.0","1,481.1","0.03K","-0.33%"
"Mar 27, 2014","1,449.0","1,495.1","1,522.8","1,401.0","0.18K","-3.08%"
"Mar 28, 2014","1,330.0","1,449.0","1,480.0","1,317.0","0.11K","-8.21%"
"Mar 29, 2014","1,251.0","1,330.0","1,379.3","1,251.0","0.03K","-5.94%"
"Mar 30, 2014","1,221.0","1,251.0","1,336.0","1,122.3","0.04K","-2.40%"
"Mar 31, 2014","1,237.0","1,221.0","1,285.0","1,124.8","0.05K","1.31%"
"Apr 01, 2014","1,280.0","1,237.0","1,327.0","1,189.0","0.06K","3.48%"
"Apr 02, 2014","1,109.0","1,280.0","1,350.0","1,102.0","0.13K","-13.36%"
"Apr 03, 2014","1,188.0","1,109.0","1,245.0","1,026.2","0.10K","7.12%"
"Apr 04, 2014","1,138.0","1,188.0","1,188.0","1,080.0","0.06K","-4.21%"
"Apr 05, 2014","1,158.3","1,138.0","1,158.3","1,101.0","0.02K","1.79%"
"Apr 06, 2014","1,180.0","1,158.3","1,200.0","1,140.0","0.02K","1.87%"
"Apr 07, 2014","1,175.0","1,180.0","1,188.0","1,130.0","0.04K","-0.42%"
"Apr 08, 2014","1,168.7","1,175.0","1,175.0","1,131.0","0.03K","-0.54%"
"Apr 09, 2014","1,133.3","1,168.7","1,170.0","1,130.0","0.04K","-3.03%"
"Apr 10, 2014","950.0","1,133.3","1,133.3","950.0","0.12K","-16.18%"
"Apr 11, 2014","1,034.0","950.0","1,170.0","751.0","0.14K","8.84%"
"Apr 12, 2014","1,090.0","1,034.0","1,110.0","999.0","0.04K","5.41%"
"Apr 13, 2014","1,001.0","1,090.0","1,090.0","980.0","0.03K","-8.16%"
"Apr 14, 2014","1,105.0","1,001.0","1,125.0","991.0","0.08K","10.39%"
"Apr 15, 2014","1,170.0","1,105.0","1,199.0","1,084.0","0.10K","5.88%"
"Apr 16, 2014","1,190.0","1,170.0","1,200.0","1,141.0","0.11K","1.71%"
"Apr 17, 2014","1,180.0","1,190.0","1,236.0","1,140.0","0.09K","-0.84%"
"Apr 18, 2014","1,158.0","1,180.0","1,217.0","1,100.0","0.03K","-1.87%"
"Apr 19, 2014","1,147.5","1,158.0","1,180.0","1,130.0","0.01K","-0.91%"
"Apr 20, 2014","1,178.0","1,147.5","1,180.0","1,147.5","0.01K","2.66%"
"Apr 21, 2014","1,188.0","1,178.0","1,190.0","1,104.0","0.03K","0.85%"
"Apr 22, 2014","1,196.0","1,188.0","1,249.0","1,130.0","0.05K","0.67%"
"Apr 23, 2014","1,215.0","1,196.0","1,263.0","1,170.0","0.09K","1.59%"
"Apr 24, 2014","1,250.0","1,215.0","1,290.0","1,202.0","0.06K","2.88%"
"Apr 25, 2014","1,198.0","1,250.0","1,250.0","1,133.3","0.12K","-4.16%"
"Apr 26, 2014","1,189.0","1,198.0","1,200.0","1,157.0","0.04K","-0.75%"
"Apr 27, 2014","1,163.3","1,189.0","1,199.0","1,130.0","0.03K","-2.16%"
"Apr 28, 2014","1,130.0","1,163.3","1,175.0","1,060.0","0.07K","-2.87%"
"Apr 29, 2014","1,147.9","1,130.0","1,163.0","1,120.0","0.04K","1.58%"
"Apr 30, 2014","1,128.9","1,147.9","1,147.9","1,062.0","0.05K","-1.66%"
"May 01, 2014","1,098.0","1,128.9","1,130.0","1,063.0","0.04K","-2.73%"
"May 02, 2014","1,129.0","1,098.0","1,129.0","1,065.1","0.05K","2.82%"
"May 03, 2014","1,096.0","1,129.0","1,153.0","1,095.0","0.04K","-2.92%"
"May 04, 2014","1,114.5","1,096.0","1,129.7","1,066.0","0.03K","1.69%"
"May 05, 2014","1,085.0","1,114.5","1,118.0","1,066.0","0.03K","-2.65%"
"May 06, 2014","1,109.9","1,085.0","1,110.0","1,066.0","0.08K","2.30%"
"May 07, 2014","1,100.0","1,109.9","1,120.0","1,085.0","0.04K","-0.90%"
"May 08, 2014","1,100.0","1,100.0","1,150.0","1,091.8","0.05K","0.00%"
"May 09, 2014","1,135.0","1,100.0","1,150.0","1,090.0","0.06K","3.18%"
"May 10, 2014","1,114.4","1,135.0","1,155.0","1,112.0","0.03K","-1.81%"
"May 11, 2014","1,093.5","1,114.4","1,139.0","1,093.5","0.02K","-1.88%"
"May 12, 2014","1,110.0","1,093.5","1,140.0","1,091.0","0.05K","1.51%"
"May 13, 2014","1,100.1","1,110.0","1,139.0","1,094.0","0.05K","-0.89%"
"May 14, 2014","1,123.5","1,100.1","1,130.0","1,090.0","0.06K","2.13%"
"May 15, 2014","1,118.0","1,090.0","1,120.0","1,090.0","0.06K","-0.49%"
"May 16, 2014","1,130.0","1,118.0","1,131.0","1,101.5","0.06K","1.08%"
"May 17, 2014","1,110.0","1,130.0","1,130.0","1,103.0","0.02K","-1.77%"
"May 18, 2014","1,107.0","1,110.0","1,110.0","1,103.0","0.02K","-0.27%"
"May 19, 2014","1,148.9","1,107.0","1,150.0","1,103.0","0.07K","3.78%"
"May 20, 2014","1,196.0","1,148.9","1,230.0","1,100.0","0.10K","4.10%"
"May 21, 2014","1,203.1","1,196.0","1,250.0","1,178.2","0.06K","0.59%"
"May 22, 2014","1,305.0","1,203.1","1,360.0","1,202.1","0.09K","8.47%"
"May 23, 2014","1,374.5","1,305.0","1,380.0","1,290.0","0.13K","5.33%"
"May 24, 2014","1,355.0","1,374.5","1,374.5","1,316.0","0.02K","-1.42%"
"May 25, 2014","1,388.0","1,355.0","1,388.0","1,322.0","0.07K","2.44%"
"May 26, 2014","1,425.0","1,388.0","1,500.0","1,366.9","0.08K","2.67%"
"May 27, 2014","1,413.9","1,425.0","1,462.0","1,270.0","0.17K","-0.78%"
"May 28, 2014","1,424.0","1,413.9","1,425.0","1,380.0","0.02K","0.72%"
"May 29, 2014","1,460.0","1,424.0","1,460.0","1,305.0","0.08K","2.53%"
"May 30, 2014","1,508.0","1,460.0","1,525.0","1,410.0","0.07K","3.29%"
"May 31, 2014","1,535.0","1,508.0","1,535.0","1,467.0","0.02K","1.79%"
"Jun 01, 2014","1,543.0","1,535.0","1,657.0","1,494.0","0.07K","0.52%"
"Jun 02, 2014","1,620.0","1,543.0","1,628.3","1,508.0","0.07K","4.99%"
"Jun 03, 2014","1,650.0","1,620.0","1,700.0","1,607.0","0.11K","1.85%"
"Jun 04, 2014","1,598.0","1,650.0","1,650.0","1,560.0","0.06K","-3.15%"
"Jun 05, 2014","1,599.0","1,598.0","1,650.0","1,557.0","0.07K","0.06%"
"Jun 06, 2014","1,580.0","1,583.0","1,600.0","1,580.0","0.05K","-1.19%"
"Jun 07, 2014","1,590.0","1,580.0","1,610.0","1,575.0","0.02K","0.63%"
"Jun 08, 2014","1,600.0","1,590.0","1,600.0","1,560.5","0.02K","0.63%"
"Jun 09, 2014","1,577.0","1,600.0","1,600.0","1,562.0","0.01K","-1.44%"
"Jun 10, 2014","1,562.0","1,577.0","1,600.0","1,562.0","0.07K","-0.95%"
"Jun 11, 2014","1,541.4","1,562.0","1,598.8","1,541.4","0.06K","-1.32%"
"Jun 12, 2014","1,420.0","1,541.4","1,589.0","1,400.0","0.05K","-7.88%"
"Jun 13, 2014","1,500.0","1,420.0","1,550.0","1,420.0","0.06K","5.63%"
"Jun 14, 2014","1,440.0","1,500.0","1,500.0","1,396.0","0.02K","-4.00%"
"Jun 15, 2014","1,492.0","1,440.0","1,498.0","1,400.0","0.01K","3.61%"
"Jun 16, 2014","1,452.0","1,492.0","1,505.2","1,413.1","0.05K","-2.68%"
"Jun 17, 2014","1,461.0","1,452.0","1,461.0","1,413.0","0.03K","0.62%"
"Jun 18, 2014","1,480.0","1,461.0","1,500.0","1,452.0","0.02K","1.30%"
"Jun 19, 2014","1,461.0","1,480.0","1,512.0","1,460.0","0.02K","-1.28%"
"Jun 20, 2014","1,470.2","1,461.0","1,500.0","1,450.0","0.03K","0.63%"
"Jun 21, 2014","1,484.6","1,470.2","1,498.0","1,456.0","0.01K","0.98%"
"Jun 22, 2014","1,467.0","1,484.6","1,485.0","1,465.0","0.01K","-1.18%"
"Jun 23, 2014","1,460.0","1,467.0","1,490.0","1,460.0","0.03K","-0.48%"
"Jun 24, 2014","1,440.0","1,460.0","1,480.0","1,430.0","0.03K","-1.37%"
"Jun 25, 2014","1,400.4","1,440.0","1,440.0","1,300.0","0.05K","-2.75%"
"Jun 26, 2014","1,401.9","1,400.4","1,401.9","1,301.0","0.06K","0.11%"
"Jun 27, 2014","1,418.5","1,401.9","1,455.0","1,380.0","0.03K","1.18%"
"Jun 28, 2014","1,446.3","1,418.5","1,459.0","1,382.0","0.02K","1.96%"
"Jun 29, 2014","1,384.0","1,446.3","1,446.3","1,383.3","0.01K","-4.31%"
"Jun 30, 2014","1,499.0","1,384.0","1,510.0","1,384.0","0.05K","8.31%"
"Jul 01, 2014","1,530.0","1,499.0","1,550.0","1,465.0","0.06K","2.07%"
"Jul 02, 2014","1,547.0","1,530.0","1,547.0","1,500.0","0.05K","1.11%"
"Jul 03, 2014","1,540.0","1,547.0","1,550.0","1,511.0","0.06K","-0.45%"
"Jul 04, 2014","1,535.1","1,540.0","1,550.0","1,500.0","0.04K","-0.32%"
"Jul 05, 2014","1,520.0","1,535.1","1,535.1","1,475.0","0.06K","-0.98%"
"Jul 06, 2014","1,497.0","1,520.0","1,520.0","1,450.0","0.02K","-1.51%"
"Jul 07, 2014","1,457.8","1,497.0","1,510.0","1,420.0","0.05K","-2.62%"
"Jul 08, 2014","1,499.0","1,457.8","1,500.0","1,457.8","0.03K","2.83%"
"Jul 09, 2014","1,490.0","1,499.0","1,500.0","1,464.0","0.03K","-0.60%"
"Jul 10, 2014","1,489.9","1,490.0","1,490.0","1,460.0","0.03K","-0.01%"
"Jul 11, 2014","1,530.0","1,489.9","1,555.0","1,471.0","0.08K","2.69%"
"Jul 12, 2014","1,490.0","1,530.0","1,530.0","1,458.0","0.02K","-2.61%"
"Jul 13, 2014","1,480.0","1,490.0","1,490.0","1,445.0","0.02K","-0.67%"
"Jul 14, 2014","1,460.0","1,480.0","1,485.0","1,420.0","0.05K","-1.35%"
"Jul 15, 2014","1,488.0","1,460.0","1,490.0","1,431.0","0.05K","1.92%"
"Jul 16, 2014","1,500.0","1,488.0","1,500.0","1,450.0","0.06K","0.81%"
"Jul 17, 2014","1,500.0","1,500.0","1,555.0","1,452.5","0.07K","0.00%"
"Jul 18, 2014","1,520.0","1,500.0","1,580.0","1,490.0","0.03K","1.33%"
"Jul 19, 2014","1,550.0","1,520.0","1,600.0","1,520.0","0.02K","1.97%"
"Jul 20, 2014","1,559.0","1,550.0","1,565.5","1,536.0","0.02K","0.58%"
"Jul 21, 2014","1,560.0","1,559.0","1,579.0","1,485.0","0.05K","0.06%"
"Jul 22, 2014","1,577.9","1,560.0","1,578.0","1,530.0","0.05K","1.15%"
"Jul 23, 2014","1,589.8","1,577.9","1,589.8","1,536.3","0.05K","0.75%"
"Jul 24, 2014","1,550.0","1,589.8","1,589.8","1,510.0","0.08K","-2.50%"
"Jul 25, 2014","1,540.0","1,550.0","1,557.3","1,500.0","0.07K","-0.64%"
"Jul 26, 2014","1,520.0","1,540.0","1,542.0","1,501.6","0.01K","-1.30%"
"Jul 27, 2014","1,501.6","1,520.0","1,540.0","1,501.6","0.01K","-1.21%"
"Jul 28, 2014","1,483.2","1,501.6","1,519.2","1,450.0","0.07K","-1.22%"
"Jul 29, 2014","1,502.0","1,483.2","1,519.2","1,441.0","0.11K","1.27%"
"Jul 30, 2014","1,440.0","1,502.0","1,502.0","1,432.0","0.04K","-4.13%"
"Jul 31, 2014","1,473.1","1,440.0","1,498.0","1,430.0","0.08K","2.30%"
"Aug 01, 2014","1,490.0","1,473.1","1,520.0","1,470.0","0.05K","1.15%"
"Aug 02, 2014","1,491.4","1,490.0","1,520.0","1,480.0","0.03K","0.10%"
"Aug 03, 2014","1,500.0","1,491.4","1,514.0","1,470.0","0.01K","0.57%"
"Aug 04, 2014","1,500.6","1,500.0","1,521.2","1,470.0","0.04K","0.04%"
"Aug 05, 2014","1,490.0","1,500.6","1,508.0","1,456.3","0.05K","-0.71%"
"Aug 06, 2014","1,490.0","1,490.0","1,515.0","1,420.0","0.12K","0.00%"
"Aug 07, 2014","1,441.0","1,490.0","1,490.0","1,430.0","0.05K","-3.29%"
"Aug 08, 2014","1,495.0","1,441.0","1,515.0","1,430.0","0.07K","3.75%"
"Aug 09, 2014","1,470.0","1,495.0","1,507.0","1,470.0","0.01K","-1.67%"
"Aug 10, 2014","1,498.0","1,470.0","1,498.0","1,454.3","0.01K","1.90%"
"Aug 11, 2014","1,495.0","1,498.0","1,505.0","1,448.5","0.06K","-0.20%"
"Aug 12, 2014","1,480.0","1,495.0","1,500.0","1,420.0","0.06K","-1.00%"
"Aug 13, 2014","1,450.0","1,480.0","1,492.0","1,376.0","0.15K","-2.03%"
"Aug 14, 2014","1,300.0","1,450.0","1,460.0","1,250.0","0.11K","-10.34%"
"Aug 15, 2014","1,316.0","1,300.0","1,435.0","1,251.0","0.12K","1.23%"
"Aug 16, 2014","1,352.0","1,316.0","1,363.3","1,263.1","0.03K","2.74%"
"Aug 17, 2014","1,277.4","1,352.0","1,352.0","1,277.1","0.01K","-5.52%"
"Aug 18, 2014","1,175.0","1,277.4","1,329.2","1,150.0","0.08K","-8.02%"
"Aug 19, 2014","1,183.0","1,175.0","1,268.9","1,150.0","0.09K","0.68%"
"Aug 20, 2014","1,250.0","1,183.0","1,350.0","1,176.0","0.08K","5.66%"
"Aug 21, 2014","1,260.0","1,250.0","1,305.0","1,242.0","0.04K","0.80%"
"Aug 22, 2014","1,283.0","1,260.0","1,348.0","1,256.0","0.06K","1.83%"
"Aug 23, 2014","1,246.5","1,283.0","1,329.8","1,241.0","0.03K","-2.84%"
"Aug 24, 2014","1,245.0","1,246.5","1,275.0","1,242.0","0.01K","-0.12%"
"Aug 25, 2014","1,236.0","1,245.0","1,290.0","1,227.0","0.06K","-0.72%"
"Aug 26, 2014","1,249.0","1,236.0","1,279.0","1,228.0","0.06K","1.05%"
"Aug 27, 2014","1,255.0","1,249.0","1,298.0","1,228.0","0.05K","0.48%"
"Aug 28, 2014","1,269.0","1,255.0","1,288.9","1,231.0","0.05K","1.12%"
"Aug 29, 2014","1,254.3","1,269.0","1,269.0","1,230.0","0.04K","-1.16%"
"Aug 30, 2014","1,245.0","1,254.3","1,258.0","1,235.0","0.01K","-0.74%"
"Aug 31, 2014","1,190.0","1,245.0","1,245.0","1,160.5","0.02K","-4.42%"
"Sep 01, 2014","1,158.0","1,190.0","1,230.0","1,154.0","0.08K","-2.69%"
"Sep 02, 2014","1,173.0","1,158.0","1,240.0","1,154.0","0.08K","1.30%"
"Sep 03, 2014","1,120.0","1,173.0","1,200.0","1,092.0","0.09K","-4.52%"
"Sep 04, 2014","1,155.0","1,120.0","1,175.0","1,100.0","0.06K","3.13%"
"Sep 05, 2014","1,200.0","1,155.0","1,210.0","1,125.0","0.06K","3.90%"
"Sep 06, 2014","1,145.0","1,200.0","1,200.0","1,125.0","0.04K","-4.58%"
"Sep 07, 2014","1,132.0","1,145.0","1,177.0","1,130.0","0.01K","-1.14%"
"Sep 08, 2014","1,165.0","1,132.0","1,180.0","1,123.3","0.08K","2.92%"
"Sep 09, 2014","1,156.0","1,165.0","1,166.0","1,124.0","0.06K","-0.77%"
"Sep 10, 2014","1,198.9","1,156.0","1,198.9","1,135.0","0.07K","3.71%"
"Sep 11, 2014","1,180.0","1,198.9","1,198.9","1,158.0","0.07K","-1.57%"
"Sep 12, 2014","1,245.0","1,180.0","1,260.0","1,153.0","0.13K","5.51%"
"Sep 13, 2014","1,168.0","1,245.0","1,260.0","1,159.0","0.03K","-6.18%"
"Sep 14, 2014","1,169.0","1,168.0","1,200.0","1,168.0","0.01K","0.09%"
"Sep 15, 2014","1,180.0","1,169.0","1,197.0","1,159.0","0.06K","0.94%"
"Sep 16, 2014","1,170.0","1,180.0","1,237.8","1,163.0","0.10K","-0.85%"
"Sep 17, 2014","1,163.0","1,170.0","1,192.0","1,137.0","0.15K","-0.60%"
"Sep 18, 2014","1,046.3","1,163.0","1,163.0","1,030.0","0.17K","-10.03%"
"Sep 19, 2014","1,023.4","1,046.3","1,112.0","809.0","0.19K","-2.19%"
"Sep 20, 2014","1,050.7","1,023.4","1,088.9","993.0","0.05K","2.67%"
"Sep 21, 2014","991.2","1,050.7","1,050.7","990.0","0.01K","-5.66%"
"Sep 22, 2014","1,030.0","991.2","1,033.0","961.0","0.10K","3.91%"
"Sep 23, 2014","1,086.0","1,030.0","1,152.0","1,006.0","0.12K","5.44%"
"Sep 24, 2014","1,089.0","1,086.0","1,145.0","1,014.0","0.07K","0.28%"
"Sep 25, 2014","1,077.7","1,089.0","1,115.0","1,018.0","0.07K","-1.04%"
"Sep 26, 2014","1,053.0","1,077.7","1,085.3","1,018.1","0.08K","-2.29%"
"Sep 27, 2014","1,075.0","1,053.0","1,080.0","1,011.0","0.04K","2.09%"
"Sep 28, 2014","980.0","1,075.0","1,075.0","960.0","0.05K","-8.84%"
"Sep 29, 2014","1,005.0","980.0","1,030.0","961.0","0.08K","2.55%"
"Sep 30, 2014","1,000.0","1,005.0","1,070.0","960.0","0.11K","-0.50%"
"Oct 01, 2014","1,024.0","1,000.0","1,049.0","982.5","0.07K","2.40%"
"Oct 02, 2014","995.0","1,024.0","1,024.0","975.0","0.08K","-2.83%"
"Oct 03, 2014","930.0","995.0","1,000.0","930.0","0.12K","-6.53%"
"Oct 04, 2014","914.3","930.0","996.3","854.0","0.10K","-1.69%"
"Oct 05, 2014","774.0","914.3","914.3","730.1","0.06K","-15.35%"
"Oct 06, 2014","871.0","774.0","930.0","755.0","0.14K","12.53%"
"Oct 07, 2014","886.0","871.0","900.0","800.0","0.13K","1.72%"
"Oct 08, 2014","900.0","886.0","910.0","803.0","0.15K","1.58%"
"Oct 09, 2014","961.0","900.0","1,022.9","880.0","0.17K","6.78%"
"Oct 10, 2014","925.0","961.0","980.0","906.0","0.16K","-3.75%"
"Oct 11, 2014","935.0","925.0","963.0","901.0","0.02K","1.08%"
"Oct 12, 2014","950.0","935.0","950.0","900.0","0.03K","1.61%"
"Oct 13, 2014","970.0","950.0","990.0","928.0","0.09K","2.11%"
"Oct 14, 2014","1,022.0","970.0","1,100.0","960.0","0.11K","5.36%"
"Oct 15, 2014","1,021.0","1,022.0","1,039.0","983.0","0.08K","-0.10%"
"Oct 16, 2014","984.0","1,021.0","1,021.0","950.0","0.11K","-3.62%"
"Oct 17, 2014","996.0","984.0","1,020.0","935.0","0.11K","1.22%"
"Oct 18, 2014","986.0","996.0","1,010.0","968.0","0.09K","-1.00%"
"Oct 19, 2014","980.0","986.0","999.0","960.0","0.06K","-0.61%"
"Oct 20, 2014","971.0","980.0","980.0","927.0","0.10K","-0.92%"
"Oct 21, 2014","1,000.0","971.0","1,000.0","967.0","0.10K","2.99%"
"Oct 22, 2014","995.0","1,000.0","1,020.0","981.1","0.07K","-0.50%"
"Oct 23, 2014","978.7","995.0","1,010.0","931.0","0.17K","-1.64%"
"Oct 24, 2014","926.0","978.7","994.0","926.0","0.18K","-5.38%"
"Oct 25, 2014","929.0","926.0","940.0","880.0","0.05K","0.32%"
"Oct 26, 2014","940.0","929.0","950.0","903.0","0.01K","1.18%"
"Oct 27, 2014","965.0","940.0","979.2","918.0","0.14K","2.66%"
"Oct 28, 2014","930.0","965.0","970.0","922.0","0.09K","-3.63%"
"Oct 29, 2014","918.0","930.0","945.0","872.0","0.19K","-1.29%"
"Oct 30, 2014","909.0","918.0","918.0","860.0","0.17K","-0.98%"
"Oct 31, 2014","907.3","909.0","909.0","872.0","0.14K","-0.19%"
"Nov 01, 2014","840.0","907.3","923.0","835.0","0.12K","-7.42%"
"Nov 02, 2014","845.0","840.0","855.0","816.0","0.03K","0.60%"
"Nov 03, 2014","860.0","845.0","876.0","821.2","0.11K","1.78%"
"Nov 04, 2014","876.0","860.0","898.0","851.1","0.13K","1.86%"
"Nov 05, 2014","915.0","876.0","928.0","863.9","0.11K","4.45%"
"Nov 06, 2014","923.5","915.0","939.0","892.1","0.11K","0.93%"
"Nov 07, 2014","936.0","923.5","1,000.0","900.0","0.18K","1.35%"
"Nov 08, 2014","945.0","936.0","956.0","923.0","0.05K","0.96%"
"Nov 09, 2014","965.0","945.0","965.0","927.0","0.04K","2.12%"
"Nov 10, 2014","1,000.0","965.0","1,029.9","963.0","0.17K","3.63%"
"Nov 11, 2014","990.0","1,000.0","1,010.0","986.4","0.11K","-1.00%"
"Nov 12, 2014","1,135.0","990.0","1,200.0","990.0","0.24K","14.65%"
"Nov 13, 2014","1,148.0","1,135.0","1,190.0","1,060.1","0.17K","1.15%"
"Nov 14, 2014","1,085.1","1,148.0","1,150.0","1,052.0","0.12K","-5.48%"
"Nov 15, 2014","1,082.5","1,085.1","1,098.0","1,040.0","0.10K","-0.24%"
"Nov 16, 2014","1,040.0","1,082.5","1,082.5","1,030.0","0.04K","-3.93%"
"Nov 17, 2014","1,064.0","1,040.0","1,100.0","1,000.0","0.17K","2.31%"
"Nov 18, 2014","1,055.9","1,064.0","1,065.0","1,036.0","0.07K","-0.76%"
"Nov 19, 2014","1,031.0","1,055.9","1,084.0","1,023.5","0.10K","-2.36%"
"Nov 20, 2014","1,003.0","1,031.0","1,059.0","980.0","0.13K","-2.72%"
"Nov 21, 2014","943.0","1,003.0","1,020.0","943.0","0.18K","-5.98%"
"Nov 22, 2014","964.0","944.0","994.0","943.0","0.04K","2.23%"
"Nov 23, 2014","993.0","964.0","993.0","948.0","0.03K","3.01%"
"Nov 24, 2014","1,030.0","993.0","1,043.0","971.0","0.10K","3.73%"
"Nov 25, 2014","1,022.5","1,030.0","1,046.0","1,010.0","0.07K","-0.73%"
"Nov 26, 2014","1,010.0","1,022.5","1,037.6","990.3","0.12K","-1.22%"
"Nov 27, 2014","1,011.0","1,010.0","1,027.0","1,000.0","0.08K","0.10%"
"Nov 28, 2014","1,020.0","1,011.0","1,020.0","990.0","0.09K","0.89%"
"Nov 29, 2014","1,020.0","1,020.0","1,020.0","1,004.0","0.01K","0.00%"
"Nov 30, 2014","1,015.0","1,020.0","1,020.0","1,006.0","0.01K","-0.49%"
"Dec 01, 2014","1,039.9","1,015.0","1,045.0","1,012.0","0.08K","2.45%"
"Dec 02, 2014","1,035.0","1,039.9","1,045.0","1,025.0","0.05K","-0.47%"
"Dec 03, 2014","1,030.0","1,035.0","1,037.0","1,020.1","0.08K","-0.48%"
"Dec 04, 2014","1,017.0","1,030.0","1,039.0","1,012.1","0.09K","-1.26%"
"Dec 05, 2014","1,022.3","1,017.0","1,040.0","1,013.0","0.05K","0.52%"
"Dec 06, 2014","1,025.0","1,022.3","1,040.0","1,015.5","0.04K","0.26%"
"Dec 07, 2014","1,025.0","1,025.0","1,035.9","986.0","0.06K","0.00%"
"Dec 08, 2014","1,020.0","1,025.0","1,025.0","1,000.0","0.07K","-0.49%"
"Dec 09, 2014","1,002.0","1,020.0","1,020.0","968.0","0.16K","-1.77%"
"Dec 10, 2014","980.0","1,002.0","1,002.0","960.0","0.08K","-2.19%"
"Dec 11, 2014","1,000.0","980.0","1,033.3","960.1","0.10K","2.04%"
"Dec 12, 2014","1,022.9","1,000.0","1,025.5","993.1","0.06K","2.29%"
"Dec 13, 2014","999.0","1,022.9","1,023.3","980.0","0.05K","-2.34%"
"Dec 14, 2014","991.0","999.0","1,014.0","981.0","0.02K","-0.80%"
"Dec 15, 2014","1,010.0","991.0","1,014.0","991.0","0.08K","1.91%"
"Dec 16, 2014","972.2","1,010.0","1,010.0","972.2","0.12K","-3.74%"
"Dec 17, 2014","951.1","972.2","972.2","895.0","0.11K","-2.17%"
"Dec 18, 2014","890.2","951.1","951.3","872.4","0.09K","-6.41%"
"Dec 19, 2014","911.0","890.2","911.0","870.0","0.08K","2.34%"
"Dec 20, 2014","941.6","911.0","945.0","910.0","0.04K","3.36%"
"Dec 21, 2014","910.0","941.6","942.0","905.0","0.03K","-3.35%"
"Dec 22, 2014","945.3","910.0","980.0","905.0","0.09K","3.88%"
"Dec 23, 2014","969.9","945.3","980.0","935.0","0.09K","2.60%"
"Dec 24, 2014","927.0","969.9","969.9","922.6","0.09K","-4.42%"
"Dec 25, 2014","915.0","927.0","930.0","910.0","0.01K","-1.29%"
"Dec 26, 2014","955.0","915.0","957.0","911.0","0.06K","4.37%"
"Dec 27, 2014","944.0","955.0","955.0","920.0","0.09K","-1.16%"
"Dec 28, 2014","925.0","944.0","944.0","913.0","0.02K","-2.01%"
"Dec 29, 2014","923.2","925.0","930.0","900.0","0.07K","-0.19%"
"Dec 30, 2014","883.0","923.2","926.2","883.0","0.07K","-4.35%"
"Dec 31, 2014","887.5","883.0","931.6","846.0","0.08K","0.52%"
"Jan 01, 2015","911.0","890.0","915.0","880.0","0.04K","2.64%"
"Jan 02, 2015","899.0","911.0","946.0","880.1","0.08K","-1.32%"
"Jan 03, 2015","864.7","923.1","923.1","845.0","0.08K","-3.81%"
"Jan 04, 2015","783.0","864.7","864.7","763.0","0.07K","-9.46%"
"Jan 05, 2015","800.0","783.0","849.7","783.0","0.08K","2.18%"
"Jan 06, 2015","858.8","800.0","859.7","788.0","0.07K","7.36%"
"Jan 07, 2015","905.0","858.8","913.8","839.0","0.13K","5.37%"
"Jan 08, 2015","905.8","905.0","920.0","862.0","0.12K","0.08%"
"Jan 09, 2015","885.0","905.8","906.0","870.0","0.08K","-2.29%"
"Jan 10, 2015","849.0","885.0","901.7","846.0","0.06K","-4.07%"
"Jan 11, 2015","829.0","849.0","870.3","829.0","0.11K","-2.36%"
"Jan 12, 2015","847.9","829.0","857.6","815.0","0.06K","2.28%"
"Jan 13, 2015","690.0","847.9","847.9","650.0","0.22K","-18.63%"
"Jan 14, 2015","570.4","690.0","710.0","455.3","0.21K","-17.34%"
"Jan 15, 2015","645.9","570.4","710.0","511.0","0.26K","13.24%"
"Jan 16, 2015","637.0","645.9","670.0","601.0","0.19K","-1.37%"
"Jan 17, 2015","625.6","637.0","650.0","583.2","0.09K","-1.79%"
"Jan 18, 2015","634.0","625.6","634.0","607.0","0.01K","1.34%"
"Jan 19, 2015","620.0","634.0","664.2","608.0","0.14K","-2.20%"
"Jan 20, 2015","612.2","620.0","650.0","612.1","0.26K","-1.26%"
"Jan 21, 2015","625.0","612.2","630.0","601.0","0.11K","2.09%"
"Jan 22, 2015","646.5","625.0","660.0","620.0","0.16K","3.44%"
"Jan 23, 2015","637.0","646.5","648.0","620.0","0.08K","-1.46%"
"Jan 24, 2015","690.0","637.0","690.0","625.0","0.07K","8.32%"
"Jan 25, 2015","683.4","690.0","694.0","660.0","0.05K","-0.96%"
"Jan 26, 2015","740.0","683.4","828.8","683.4","0.23K","8.28%"
"Jan 27, 2015","725.1","740.0","780.0","702.0","0.21K","-2.01%"
"Jan 28, 2015","694.8","725.1","750.1","651.0","0.27K","-4.19%"
"Jan 29, 2015","656.0","694.8","695.0","635.0","0.15K","-5.58%"
"Jan 30, 2015","670.0","656.0","700.0","640.1","0.10K","2.13%"
"Jan 31, 2015","645.0","670.0","693.3","644.0","0.07K","-3.73%"
"Feb 01, 2015","662.0","645.0","680.0","620.0","0.10K","2.64%"
"Feb 02, 2015","680.0","662.0","680.0","638.0","0.08K","2.72%"
"Feb 03, 2015","671.7","680.0","700.0","660.0","0.16K","-1.22%"
"Feb 04, 2015","669.0","671.7","684.8","647.0","0.13K","-0.41%"
"Feb 05, 2015","645.0","669.0","669.0","631.2","0.12K","-3.58%"
"Feb 06, 2015","657.7","645.0","658.4","635.1","0.12K","1.97%"
"Feb 07, 2015","668.0","657.7","670.0","646.6","0.02K","1.56%"
"Feb 08, 2015","650.1","668.0","674.0","646.0","0.01K","-2.68%"
"Feb 09, 2015","666.2","650.1","667.0","637.0","0.16K","2.48%"
"Feb 10, 2015","669.4","666.2","674.0","642.2","0.07K","0.48%"
"Feb 11, 2015","671.7","669.4","674.5","657.1","0.08K","0.34%"
"Feb 12, 2015","673.7","671.7","674.0","663.0","0.09K","0.30%"
"Feb 13, 2015","698.0","673.7","700.0","663.6","0.15K","3.61%"
"Feb 14, 2015","713.0","698.0","725.0","698.0","0.08K","2.15%"
"Feb 15, 2015","696.0","713.0","740.0","695.0","0.05K","-2.38%"
"Feb 16, 2015","702.8","696.0","715.0","681.0","0.02K","0.98%"
"Feb 17, 2015","711.8","702.8","711.9","680.0","0.01K","1.29%"
"Feb 18, 2015","709.4","711.8","739.0","660.0","0.10K","-0.34%"
"Feb 19, 2015","712.0","709.4","715.0","687.0","0.10K","0.37%"
"Feb 20, 2015","715.8","712.0","723.0","700.0","0.12K","0.53%"
"Feb 21, 2015","735.7","715.8","737.1","705.3","0.03K","2.79%"
"Feb 22, 2015","700.0","735.7","736.6","689.0","0.03K","-4.86%"
"Feb 23, 2015","715.9","700.0","727.0","670.0","0.11K","2.27%"
"Feb 24, 2015","709.0","715.9","715.9","691.7","0.08K","-0.96%"
"Feb 25, 2015","714.0","709.0","715.9","693.0","0.09K","0.70%"
"Feb 26, 2015","714.0","714.0","714.0","695.0","0.12K","0.00%"
"Feb 27, 2015","736.0","714.0","740.0","705.5","0.12K","3.08%"
"Feb 28, 2015","736.0","736.0","736.0","721.0","0.03K","0.00%"
"Mar 01, 2015","737.0","736.0","739.0","730.0","0.04K","0.14%"
"Mar 02, 2015","770.0","737.0","770.0","721.0","0.19K","4.48%"
"Mar 03, 2015","746.1","770.0","830.0","746.1","0.22K","-3.10%"
"Mar 04, 2015","801.0","746.1","828.0","746.1","0.15K","7.36%"
"Mar 05, 2015","809.0","801.0","810.0","800.0","0.13K","0.99%"
"Mar 06, 2015","808.9","809.0","809.0","790.0","0.11K","-0.01%"
"Mar 07, 2015","828.0","808.9","828.0","800.0","0.04K","2.36%"
"Mar 08, 2015","828.0","828.0","845.0","824.0","0.02K","0.00%"
"Mar 09, 2015","898.9","828.0","900.0","828.0","0.10K","8.57%"
"Mar 10, 2015","897.5","898.9","899.0","864.1","0.12K","-0.16%"
"Mar 11, 2015","899.0","897.5","899.0","873.5","0.10K","0.17%"
"Mar 12, 2015","951.1","899.0","979.9","889.0","0.13K","5.79%"
"Mar 13, 2015","988.3","951.1","1,059.0","920.1","0.24K","3.91%"
"Mar 14, 2015","965.9","988.3","990.1","948.0","0.04K","-2.26%"
"Mar 15, 2015","965.9","950.0","970.0","940.0","0.01K","0.00%"
"Mar 16, 2015","965.0","965.9","970.0","955.1","0.11K","-0.10%"
"Mar 17, 2015","968.0","965.0","970.0","957.0","0.10K","0.31%"
"Mar 18, 2015","851.0","968.0","968.0","845.0","0.17K","-12.09%"
"Mar 19, 2015","896.9","851.0","913.3","851.0","0.17K","5.39%"
"Mar 20, 2015","892.1","896.9","897.0","880.1","0.08K","-0.54%"
"Mar 21, 2015","874.6","892.1","892.1","870.0","0.03K","-1.96%"
"Mar 22, 2015","878.0","874.6","879.9","865.0","0.02K","0.39%"
"Mar 23, 2015","876.5","878.0","879.0","850.0","0.16K","-0.17%"
"Mar 24, 2015","852.7","876.5","876.5","820.0","0.17K","-2.71%"
"Mar 25, 2015","831.7","852.7","861.5","780.0","0.13K","-2.47%"
"Mar 26, 2015","839.8","831.7","843.0","802.5","0.09K","0.98%"
"Mar 27, 2015","829.0","839.8","839.8","816.1","0.11K","-1.29%"
"Mar 28, 2015","848.8","829.0","849.0","825.1","0.03K","2.39%"
"Mar 29, 2015","826.0","848.8","849.0","820.0","0.03K","-2.69%"
"Mar 30, 2015","846.2","826.0","875.0","810.0","0.08K","2.45%"
"Mar 31, 2015","839.0","846.2","866.0","825.1","0.12K","-0.85%"
"Apr 01, 2015","835.0","839.0","860.0","802.0","0.14K","-0.48%"
"Apr 02, 2015","850.0","835.0","850.0","823.0","0.08K","1.80%"
"Apr 03, 2015","833.2","850.0","850.0","831.0","0.05K","-1.98%"
"Apr 04, 2015","841.8","833.2","849.0","832.0","0.03K","1.03%"
"Apr 05, 2015","835.0","841.8","848.7","833.4","0.02K","-0.80%"
"Apr 06, 2015","843.0","835.0","850.0","832.0","0.11K","0.96%"
"Apr 07, 2015","846.3","843.0","849.5","835.0","0.13K","0.39%"
"Apr 08, 2015","803.0","846.3","848.3","796.0","0.36K","-5.12%"
"Apr 09, 2015","814.0","803.0","815.0","782.4","0.12K","1.37%"
"Apr 10, 2015","777.3","814.0","820.0","768.3","0.13K","-4.51%"
"Apr 11, 2015","765.5","777.3","800.0","750.0","0.10K","-1.51%"
"Apr 12, 2015","784.0","770.0","799.0","750.0","0.04K","2.41%"
"Apr 13, 2015","768.9","784.0","800.0","745.2","0.14K","-1.92%"
"Apr 14, 2015","731.7","768.9","768.9","713.0","0.16K","-4.84%"
"Apr 15, 2015","719.0","731.7","754.9","706.0","0.07K","-1.74%"
"Apr 16, 2015","760.0","719.0","760.0","710.0","0.15K","5.70%"
"Apr 17, 2015","753.8","760.0","769.4","720.0","0.14K","-0.81%"
"Apr 18, 2015","745.8","753.8","753.8","728.0","0.07K","-1.06%"
"Apr 19, 2015","744.0","745.8","745.9","732.3","0.03K","-0.24%"
"Apr 20, 2015","740.5","744.0","745.0","729.0","0.08K","-0.47%"
"Apr 21, 2015","745.0","740.5","750.0","730.0","0.07K","0.61%"
"Apr 22, 2015","760.0","745.0","760.0","741.0","0.20K","2.01%"
"Apr 23, 2015","747.0","760.0","765.0","724.1","0.18K","-1.71%"
"Apr 24, 2015","736.0","747.0","758.0","730.2","0.14K","-1.47%"
"Apr 25, 2015","729.6","734.0","749.8","710.5","0.08K","-0.86%"
"Apr 26, 2015","681.9","729.6","729.9","676.6","0.03K","-6.55%"
"Apr 27, 2015","690.0","681.9","704.0","670.0","0.10K","1.19%"
"Apr 28, 2015","698.1","690.0","750.0","673.7","0.18K","1.18%"
"Apr 29, 2015","723.9","698.1","725.3","690.0","0.15K","3.69%"
"Apr 30, 2015","735.5","723.9","747.9","706.0","0.30K","1.61%"
"May 01, 2015","737.6","735.5","750.0","735.0","0.06K","0.27%"
"May 02, 2015","744.9","737.6","749.8","733.1","0.05K","1.00%"
"May 03, 2015","742.1","744.9","749.0","735.9","0.02K","-0.38%"
"May 04, 2015","745.0","742.1","750.0","720.1","0.18K","0.39%"
"May 05, 2015","749.8","745.0","750.0","728.0","0.11K","0.65%"
"May 06, 2015","746.5","741.1","750.0","739.1","0.12K","-0.45%"
"May 07, 2015","735.0","746.5","746.5","712.4","0.10K","-1.54%"
"May 08, 2015","749.9","735.0","750.0","726.0","0.12K","2.03%"
"May 09, 2015","749.4","749.9","750.0","740.0","0.02K","-0.07%"
"May 10, 2015","740.7","749.4","750.0","740.5","0.01K","-1.16%"
"May 11, 2015","748.0","740.7","750.0","720.1","0.15K","0.99%"
"May 12, 2015","755.0","748.0","780.0","735.5","0.11K","0.94%"
"May 13, 2015","746.0","755.0","767.0","738.3","0.15K","-1.19%"
"May 14, 2015","748.4","746.0","757.8","726.2","0.09K","0.32%"
"May 15, 2015","764.3","748.4","765.0","736.9","0.07K","2.13%"
"May 16, 2015","751.0","764.3","765.0","743.3","0.03K","-1.74%"
"May 17, 2015","750.0","751.0","751.0","742.9","0.02K","-0.13%"
"May 18, 2015","739.0","750.0","764.3","736.2","0.13K","-1.47%"
"May 19, 2015","745.1","739.0","752.0","738.3","0.15K","0.83%"
"May 20, 2015","739.0","745.1","750.0","736.6","0.08K","-0.82%"
"May 21, 2015","751.0","739.0","764.3","738.0","0.13K","1.63%"
"May 22, 2015","760.9","751.0","761.0","745.1","0.17K","1.32%"
"May 23, 2015","748.0","760.9","761.0","745.3","0.03K","-1.70%"
"May 24, 2015","755.0","748.0","759.0","748.0","0.02K","0.94%"
"May 25, 2015","752.0","755.0","760.0","745.6","0.10K","-0.40%"
"May 26, 2015","758.2","752.0","780.0","745.6","0.14K","0.82%"
"May 27, 2015","780.0","758.2","1,007.7","750.0","0.31K","2.88%"
"May 28, 2015","773.0","780.0","780.0","761.5","0.07K","-0.90%"
"May 29, 2015","773.3","773.0","774.0","751.0","0.10K","0.04%"
"May 30, 2015","762.3","773.3","774.0","760.0","0.09K","-1.42%"
"May 31, 2015","769.0","762.3","770.0","745.0","0.14K","0.88%"
"Jun 01, 2015","748.0","769.0","769.0","732.0","0.15K","-2.73%"
"Jun 02, 2015","762.9","748.0","767.8","732.0","0.13K","1.99%"
"Jun 03, 2015","744.7","762.9","767.8","737.0","0.11K","-2.38%"
"Jun 04, 2015","740.0","754.9","755.0","735.0","0.03K","-0.64%"
"Jun 05, 2015","763.0","740.0","769.0","740.0","0.12K","3.11%"
"Jun 06, 2015","768.9","763.0","768.9","748.0","0.03K","0.77%"
"Jun 07, 2015","755.0","768.9","768.9","748.0","0.01K","-1.81%"
"Jun 08, 2015","755.0","755.0","755.0","739.0","0.11K","0.00%"
"Jun 09, 2015","753.8","755.0","755.0","732.0","0.13K","-0.16%"
"Jun 10, 2015","744.1","753.8","755.0","738.9","0.11K","-1.29%"
"Jun 11, 2015","749.9","744.1","753.7","734.0","0.15K","0.78%"
"Jun 12, 2015","747.0","749.9","751.0","734.0","0.12K","-0.39%"
"Jun 13, 2015","748.9","747.0","749.9","737.5","0.01K","0.26%"
"Jun 14, 2015","740.1","748.9","748.9","737.5","0.02K","-1.18%"
"Jun 15, 2015","731.2","740.1","745.0","725.0","0.18K","-1.21%"
"Jun 16, 2015","750.0","731.2","770.0","731.2","0.10K","2.58%"
"Jun 17, 2015","793.0","750.0","834.7","747.0","0.20K","5.74%"
"Jun 18, 2015","799.0","793.0","800.0","770.0","0.13K","0.75%"
"Jun 19, 2015","808.1","799.0","828.9","786.3","0.13K","1.14%"
"Jun 20, 2015","794.0","808.1","808.1","778.0","0.07K","-1.75%"
"Jun 21, 2015","783.9","794.0","795.0","781.5","0.02K","-1.28%"
"Jun 22, 2015","802.5","783.9","805.0","783.0","0.08K","2.38%"
"Jun 23, 2015","794.8","802.5","802.5","783.0","0.13K","-0.96%"
"Jun 24, 2015","792.0","794.8","795.5","782.0","0.08K","-0.35%"
"Jun 25, 2015","790.0","792.0","792.0","770.6","0.08K","-0.25%"
"Jun 26, 2015","801.6","790.0","802.9","776.0","0.07K","1.47%"
"Jun 27, 2015","809.5","801.6","809.5","782.7","0.03K","0.99%"
"Jun 28, 2015","798.2","809.5","809.5","795.0","0.02K","-1.39%"
"Jun 29, 2015","838.8","798.2","850.0","798.2","0.12K","5.09%"
"Jun 30, 2015","846.0","838.8","849.2","819.0","0.16K","0.86%"
"Jul 01, 2015","839.5","846.0","850.0","820.0","0.14K","-0.77%"
"Jul 02, 2015","840.4","839.5","848.5","829.0","0.11K","0.11%"
"Jul 03, 2015","841.0","840.4","841.0","821.1","0.09K","0.07%"
"Jul 04, 2015","838.0","841.0","841.0","822.0","0.04K","-0.35%"
"Jul 05, 2015","855.0","839.0","855.0","830.0","0.04K","2.03%"
"Jul 06, 2015","892.9","855.0","899.3","847.9","0.08K","4.44%"
"Jul 07, 2015","885.0","892.9","899.3","865.3","0.11K","-0.89%"
"Jul 08, 2015","880.0","885.0","888.0","872.3","0.11K","-0.56%"
"Jul 09, 2015","922.7","880.0","945.0","876.3","0.10K","4.86%"
"Jul 10, 2015","963.0","922.7","990.0","890.0","0.12K","4.36%"
"Jul 11, 2015","970.0","963.0","985.0","955.0","0.04K","0.73%"
"Jul 12, 2015","991.0","970.0","1,000.0","970.0","0.05K","2.16%"
"Jul 13, 2015","939.5","991.0","1,010.0","925.0","0.13K","-5.20%"
"Jul 14, 2015","969.0","939.5","989.0","903.0","0.11K","3.14%"
"Jul 15, 2015","957.0","969.0","989.0","912.0","0.14K","-1.24%"
"Jul 16, 2015","928.0","957.0","976.8","916.0","0.11K","-3.03%"
"Jul 17, 2015","950.0","928.0","956.3","910.0","0.09K","2.37%"
"Jul 18, 2015","932.0","950.0","952.9","925.3","0.03K","-1.89%"
"Jul 19, 2015","934.1","932.0","939.9","924.1","0.03K","0.22%"
"Jul 20, 2015","955.0","934.1","955.0","924.3","0.08K","2.24%"
"Jul 21, 2015","957.0","955.0","957.0","940.1","0.06K","0.21%"
"Jul 22, 2015","949.2","957.0","957.0","918.3","0.16K","-0.82%"
"Jul 23, 2015","950.0","949.2","954.0","936.0","0.07K","0.08%"
"Jul 24, 2015","968.0","950.0","970.0","940.5","0.15K","1.89%"
"Jul 25, 2015","959.0","968.0","969.0","954.1","0.03K","-0.93%"
"Jul 26, 2015","965.0","959.0","972.0","958.7","0.02K","0.62%"
"Jul 27, 2015","977.8","965.0","1,050.0","950.0","0.12K","1.32%"
"Jul 28, 2015","1,021.0","977.8","1,021.0","975.0","0.10K","4.42%"
"Jul 29, 2015","1,012.1","1,021.0","1,021.0","1,000.0","0.08K","-0.87%"
"Jul 30, 2015","999.7","1,012.1","1,018.3","971.2","0.12K","-1.23%"
"Jul 31, 2015","1,011.5","999.7","1,012.0","983.3","0.07K","1.19%"
"Aug 01, 2015","997.0","1,011.5","1,011.5","991.0","0.03K","-1.44%"
"Aug 02, 2015","999.0","997.0","1,000.0","973.7","0.02K","0.20%"
"Aug 03, 2015","1,010.0","999.0","1,016.0","980.0","0.13K","1.10%"
"Aug 04, 2015","1,016.0","1,010.0","1,016.0","992.0","0.11K","0.59%"
"Aug 05, 2015","1,018.5","1,016.0","1,018.5","996.0","0.09K","0.25%"
"Aug 06, 2015","1,017.9","1,018.5","1,018.5","1,003.0","0.10K","-0.06%"
"Aug 07, 2015","1,015.0","1,017.9","1,018.0","985.1","0.15K","-0.28%"
"Aug 08, 2015","978.5","1,015.0","1,018.0","978.2","0.11K","-3.60%"
"Aug 09, 2015","968.6","978.5","995.0","950.0","0.06K","-1.01%"
"Aug 10, 2015","966.4","968.6","974.2","940.1","0.07K","-0.23%"
"Aug 11, 2015","970.0","966.4","978.0","951.0","0.09K","0.37%"
"Aug 12, 2015","978.0","970.0","978.0","957.0","0.07K","0.82%"
"Aug 13, 2015","965.0","978.0","978.0","955.3","0.05K","-1.33%"
"Aug 14, 2015","980.0","965.0","980.6","957.8","0.06K","1.55%"
"Aug 15, 2015","960.0","980.0","980.0","960.0","0.03K","-2.04%"
"Aug 16, 2015","970.0","960.0","972.4","946.2","0.05K","1.04%"
"Aug 17, 2015","950.0","970.0","970.0","944.7","0.06K","-2.06%"
"Aug 18, 2015","931.0","950.0","958.3","931.0","0.09K","-2.00%"
"Aug 19, 2015","865.7","931.0","940.0","761.1","0.34K","-7.01%"
"Aug 20, 2015","901.6","865.7","913.0","840.0","0.10K","4.14%"
"Aug 21, 2015","910.0","901.6","910.0","870.2","0.08K","0.93%"
"Aug 22, 2015","890.0","910.0","910.0","884.4","0.02K","-2.20%"
"Aug 23, 2015","886.2","890.0","895.0","869.0","0.04K","-0.43%"
"Aug 24, 2015","840.0","886.2","893.3","840.0","0.10K","-5.21%"
"Aug 25, 2015","865.9","840.0","870.0","780.1","0.28K","3.08%"
"Aug 26, 2015","879.0","865.9","900.0","832.5","0.13K","1.52%"
"Aug 27, 2015","868.1","878.0","878.0","851.0","0.06K","-1.24%"
"Aug 28, 2015","873.0","868.1","888.8","825.1","0.15K","0.56%"
"Aug 29, 2015","854.0","873.0","888.8","848.0","0.05K","-2.18%"
"Aug 30, 2015","872.6","854.0","900.0","848.0","0.07K","2.18%"
"Aug 31, 2015","891.9","872.6","891.9","858.0","0.09K","2.21%"
"Sep 01, 2015","880.0","891.9","900.0","865.2","0.14K","-1.33%"
"Sep 02, 2015","892.3","880.0","907.7","875.0","0.13K","1.40%"
"Sep 03, 2015","893.0","892.3","910.0","881.4","0.18K","0.08%"
"Sep 04, 2015","932.1","893.0","953.9","882.0","0.09K","4.38%"
"Sep 05, 2015","925.2","932.1","942.0","909.0","0.06K","-0.74%"
"Sep 06, 2015","935.0","925.2","950.0","925.2","0.02K","1.06%"
"Sep 07, 2015","949.9","935.0","950.0","934.4","0.02K","1.59%"
"Sep 08, 2015","946.5","949.9","955.0","930.0","0.10K","-0.35%"
"Sep 09, 2015","950.0","946.5","959.8","942.0","0.14K","0.37%"
"Sep 10, 2015","955.4","950.0","975.0","944.0","0.14K","0.57%"
"Sep 11, 2015","968.6","955.4","972.0","955.1","0.13K","1.38%"
"Sep 12, 2015","958.8","968.6","970.1","945.5","0.05K","-1.01%"
"Sep 13, 2015","955.3","958.8","958.8","933.1","0.03K","-0.36%"
"Sep 14, 2015","929.0","955.3","955.3","923.6","0.12K","-2.76%"
"Sep 15, 2015","915.1","929.0","937.3","910.0","0.12K","-1.50%"
"Sep 16, 2015","931.8","915.1","937.3","911.0","0.11K","1.82%"
"Sep 17, 2015","945.0","931.8","955.0","918.7","0.11K","1.42%"
"Sep 18, 2015","965.8","945.0","970.0","945.0","0.08K","2.20%"
"Sep 19, 2015","950.7","965.8","969.9","931.9","0.05K","-1.56%"
"Sep 20, 2015","951.5","950.7","959.0","932.3","0.04K","0.08%"
"Sep 21, 2015","945.0","951.5","969.4","925.0","0.19K","-0.68%"
"Sep 22, 2015","960.0","945.0","969.0","936.2","0.17K","1.59%"
"Sep 23, 2015","970.6","960.0","1,000.0","949.2","0.20K","1.10%"
"Sep 24, 2015","988.4","970.6","1,007.0","966.1","0.14K","1.84%"
"Sep 25, 2015","984.0","988.4","988.4","966.1","0.12K","-0.45%"
"Sep 26, 2015","982.0","984.0","986.0","966.1","0.02K","-0.20%"
"Sep 27, 2015","977.8","982.0","982.0","967.5","0.00K","-0.43%"
"Sep 28, 2015","1,003.1","977.8","1,006.0","967.7","0.20K","2.58%"
"Sep 29, 2015","995.9","1,003.1","1,010.0","990.2","0.12K","-0.72%"
"Sep 30, 2015","993.3","995.9","1,008.7","993.3","0.10K","-0.25%"
"Oct 01, 2015","999.0","993.3","1,005.0","980.1","0.12K","0.57%"
"Oct 02, 2015","995.0","999.0","1,005.0","972.0","0.13K","-0.40%"
"Oct 03, 2015","990.0","995.0","1,000.0","977.0","0.02K","-0.50%"
"Oct 04, 2015","990.0","990.0","990.0","983.5","0.01K","0.00%"
"Oct 05, 2015","993.0","990.0","993.0","978.0","0.09K","0.30%"
"Oct 06, 2015","1,005.0","993.0","1,005.0","980.0","0.09K","1.21%"
"Oct 07, 2015","999.9","1,005.0","1,012.0","994.1","0.07K","-0.51%"
"Oct 08, 2015","1,008.1","999.9","1,010.0","995.0","0.06K","0.82%"
"Oct 09, 2015","1,008.0","1,008.1","1,009.3","995.0","0.06K","-0.01%"
"Oct 10, 2015","1,000.0","1,008.0","1,008.0","997.5","0.01K","-0.79%"
"Oct 11, 2015","1,004.0","1,000.0","1,008.0","998.0","0.01K","0.40%"
"Oct 12, 2015","1,008.0","1,004.0","1,009.0","997.5","0.04K","0.40%"
"Oct 13, 2015","1,008.0","1,008.0","1,010.0","996.5","0.09K","0.00%"
"Oct 14, 2015","1,010.0","1,008.0","1,017.1","998.4","0.09K","0.20%"
"Oct 15, 2015","1,011.0","1,010.0","1,030.0","1,000.1","0.14K","0.10%"
"Oct 16, 2015","1,043.1","1,025.0","1,088.0","1,011.0","0.12K","3.17%"
"Oct 17, 2015","1,051.0","1,043.1","1,080.0","1,037.0","0.09K","0.76%"
"Oct 18, 2015","1,050.0","1,051.0","1,069.0","1,020.1","0.03K","-0.10%"
"Oct 19, 2015","1,027.0","1,050.0","1,050.0","1,024.0","0.10K","-2.19%"
"Oct 20, 2015","1,052.0","1,027.0","1,079.8","1,020.0","0.13K","2.43%"
"Oct 21, 2015","1,060.1","1,052.0","1,078.0","1,033.0","0.13K","0.77%"
"Oct 22, 2015","1,067.9","1,060.1","1,069.1","1,042.3","0.05K","0.74%"
"Oct 23, 2015","1,090.0","1,067.9","1,096.7","1,056.0","0.06K","2.07%"
"Oct 24, 2015","1,090.0","1,090.0","1,100.0","1,071.0","0.03K","0.00%"
"Oct 25, 2015","1,140.0","1,090.0","1,196.8","1,085.0","0.09K","4.59%"
"Oct 26, 2015","1,148.0","1,140.0","1,150.0","1,118.0","0.05K","0.70%"
"Oct 27, 2015","1,166.7","1,148.0","1,169.0","1,138.6","0.09K","1.63%"
"Oct 28, 2015","1,170.7","1,166.7","1,187.2","1,151.0","0.13K","0.35%"
"Oct 29, 2015","1,230.0","1,170.7","1,250.1","1,170.0","0.16K","5.07%"
"Oct 30, 2015","1,268.0","1,230.0","1,298.4","1,220.5","0.12K","3.09%"
"Oct 31, 2015","1,220.0","1,268.0","1,290.0","1,215.0","0.10K","-3.79%"
"Nov 01, 2015","1,240.0","1,220.0","1,260.0","1,220.0","0.04K","1.64%"
"Nov 02, 2015","1,320.0","1,240.0","1,340.0","1,233.1","0.09K","6.45%"
"Nov 03, 2015","1,538.0","1,320.0","1,638.1","1,310.1","0.35K","16.51%"
"Nov 04, 2015","1,530.0","1,538.0","1,865.6","1,490.0","0.44K","-0.52%"
"Nov 05, 2015","1,516.1","1,530.0","1,729.9","1,489.0","0.19K","-0.91%"
"Nov 06, 2015","1,400.0","1,516.1","1,535.0","1,371.5","0.17K","-7.66%"
"Nov 07, 2015","1,445.0","1,400.0","1,445.0","1,376.5","0.06K","3.21%"
"Nov 08, 2015","1,440.9","1,445.0","1,465.0","1,411.2","0.02K","-0.28%"
"Nov 09, 2015","1,493.4","1,440.9","1,493.4","1,400.0","0.09K","3.64%"
"Nov 10, 2015","1,340.0","1,493.4","1,493.4","1,300.0","0.14K","-10.27%"
"Nov 11, 2015","1,267.0","1,340.0","1,365.1","1,161.0","0.13K","-5.45%"
"Nov 12, 2015","1,366.7","1,267.0","1,410.0","1,200.0","0.13K","7.87%"
"Nov 13, 2015","1,320.0","1,366.7","1,367.0","1,295.8","0.09K","-3.41%"
"Nov 14, 2015","1,330.0","1,320.0","1,330.0","1,300.9","0.03K","0.76%"
"Nov 15, 2015","1,318.0","1,330.0","1,342.4","1,280.1","0.03K","-0.90%"
"Nov 16, 2015","1,291.0","1,318.0","1,318.5","1,240.0","0.12K","-2.05%"
"Nov 17, 2015","1,328.5","1,291.0","1,329.0","1,284.4","0.05K","2.90%"
"Nov 18, 2015","1,307.0","1,328.5","1,337.1","1,290.0","0.05K","-1.62%"
"Nov 19, 2015","1,285.0","1,307.0","1,325.0","1,280.0","0.10K","-1.68%"
"Nov 20, 2015","1,237.3","1,285.0","1,289.0","1,223.0","0.05K","-3.71%"
"Nov 21, 2015","1,269.9","1,237.3","1,279.0","1,200.0","0.05K","2.63%"
"Nov 22, 2015","1,254.0","1,269.9","1,277.0","1,254.0","0.01K","-1.25%"
"Nov 23, 2015","1,257.0","1,254.0","1,263.0","1,216.0","0.10K","0.24%"
"Nov 24, 2015","1,249.0","1,257.0","1,350.0","1,230.0","0.13K","-0.64%"
"Nov 25, 2015","1,286.2","1,249.0","1,365.0","1,200.0","0.22K","2.98%"
"Nov 26, 2015","1,397.0","1,286.2","1,414.0","1,274.0","0.15K","8.61%"
"Nov 27, 2015","1,434.9","1,397.0","1,440.0","1,369.2","0.07K","2.71%"
"Nov 28, 2015","1,419.0","1,434.9","1,436.0","1,368.0","0.09K","-1.11%"
"Nov 29, 2015","1,436.0","1,419.0","1,550.0","1,381.0","0.04K","1.20%"
"Nov 30, 2015","1,516.9","1,436.0","1,525.0","1,436.0","0.13K","5.63%"
"Dec 01, 2015","1,472.0","1,516.9","1,519.0","1,410.0","0.11K","-2.96%"
"Dec 02, 2015","1,469.9","1,472.0","1,491.0","1,411.0","0.08K","-0.14%"
"Dec 03, 2015","1,474.4","1,469.9","1,490.0","1,431.1","0.09K","0.30%"
"Dec 04, 2015","1,473.0","1,474.4","1,475.0","1,416.1","0.07K","-0.09%"
"Dec 05, 2015","1,500.0","1,473.0","1,500.0","1,457.8","0.04K","1.83%"
"Dec 06, 2015","1,539.0","1,500.0","1,543.3","1,484.0","0.10K","2.60%"
"Dec 07, 2015","1,575.0","1,539.0","1,580.0","1,501.1","0.08K","2.34%"
"Dec 08, 2015","1,562.7","1,575.0","1,635.0","1,539.6","0.11K","-0.78%"
"Dec 09, 2015","1,669.0","1,606.0","1,680.0","1,600.0","0.12K","6.80%"
"Dec 10, 2015","1,674.0","1,669.0","1,674.0","1,616.0","0.12K","0.30%"
"Dec 11, 2015","1,798.0","1,674.0","1,799.5","1,651.8","0.16K","7.41%"
"Dec 12, 2015","1,680.0","1,799.0","1,849.0","1,627.0","0.08K","-6.56%"
"Dec 13, 2015","1,700.0","1,680.0","1,756.8","1,680.0","0.07K","1.19%"
"Dec 14, 2015","1,760.0","1,700.0","1,785.3","1,700.0","0.09K","3.53%"
"Dec 15, 2015","1,849.0","1,760.0","1,849.0","1,711.1","0.21K","5.06%"
"Dec 16, 2015","1,810.0","1,849.0","1,855.0","1,780.0","0.18K","-2.11%"
"Dec 17, 2015","1,885.0","1,810.0","1,890.0","1,783.3","0.13K","4.14%"
"Dec 18, 2015","1,863.1","1,885.0","1,895.0","1,842.0","0.10K","-1.16%"
"Dec 19, 2015","1,929.3","1,863.1","1,942.8","1,863.1","0.04K","3.56%"
"Dec 20, 2015","1,849.0","1,929.3","1,929.3","1,823.0","0.05K","-4.16%"
"Dec 21, 2015","1,857.6","1,849.0","1,889.0","1,743.0","0.15K","0.46%"
"Dec 22, 2015","1,864.9","1,857.6","1,870.0","1,822.0","0.07K","0.39%"
"Dec 23, 2015","1,829.4","1,864.9","1,890.0","1,822.0","0.10K","-1.90%"
"Dec 24, 2015","1,850.9","1,829.4","1,888.0","1,829.4","0.04K","1.17%"
"Dec 25, 2015","1,876.9","1,850.9","1,879.0","1,850.0","0.02K","1.41%"
"Dec 26, 2015","1,761.0","1,876.9","1,876.9","1,761.0","0.04K","-6.17%"
"Dec 27, 2015","1,770.0","1,761.0","1,801.0","1,750.0","0.03K","0.51%"
"Dec 28, 2015","1,745.0","1,770.0","1,780.0","1,720.0","0.06K","-1.41%"
"Dec 29, 2015","1,787.7","1,745.0","1,800.0","1,706.6","0.11K","2.45%"
"Dec 30, 2015","1,812.0","1,787.7","1,826.4","1,741.3","0.05K","1.36%"
"Dec 31, 2015","1,792.0","1,812.0","1,840.0","1,762.2","0.05K","-1.10%"
"Jan 01, 2016","1,818.0","1,792.0","1,821.2","1,767.1","0.01K","1.45%"
"Jan 02, 2016","1,783.0","1,818.0","1,818.0","1,769.0","0.02K","-1.92%"
"Jan 03, 2016","1,780.0","1,783.0","1,800.0","1,766.0","0.04K","-0.17%"
"Jan 04, 2016","1,825.0","1,780.0","1,830.0","1,771.6","0.13K","2.53%"
"Jan 05, 2016","1,825.0","1,802.6","1,825.0","1,781.2","0.09K","0.00%"
"Jan 06, 2016","1,820.0","1,825.0","1,830.0","1,802.0","0.05K","-0.27%"
"Jan 07, 2016","1,949.0","1,820.0","1,953.8","1,812.0","0.20K","7.09%"
"Jan 08, 2016","1,880.0","1,949.0","1,955.0","1,839.8","0.13K","-3.54%"
"Jan 09, 2016","1,897.0","1,880.0","1,915.0","1,865.5","0.03K","0.90%"
"Jan 10, 2016","1,886.0","1,897.0","1,911.1","1,865.6","0.02K","-0.58%"
"Jan 11, 2016","1,896.0","1,886.0","1,915.0","1,866.0","0.08K","0.53%"
"Jan 12, 2016","1,940.0","1,896.0","1,940.0","1,876.2","0.10K","2.32%"
"Jan 13, 2016","1,868.0","1,940.0","1,940.0","1,849.0","0.17K","-3.71%"
"Jan 14, 2016","1,905.0","1,868.0","1,906.9","1,852.0","0.07K","1.98%"
"Jan 15, 2016","1,774.9","1,905.0","1,906.0","1,710.0","0.28K","-6.83%"
"Jan 16, 2016","1,775.0","1,774.9","1,775.0","1,651.1","0.09K","0.00%"
"Jan 17, 2016","1,785.0","1,775.0","1,810.0","1,722.2","0.04K","0.56%"
"Jan 18, 2016","1,789.0","1,785.0","1,799.9","1,700.0","0.29K","0.22%"
"Jan 19, 2016","1,730.0","1,789.0","1,789.0","1,715.0","0.15K","-3.30%"
"Jan 20, 2016","1,790.0","1,730.0","1,798.8","1,690.0","0.19K","3.47%"
"Jan 21, 2016","1,773.0","1,790.0","1,797.9","1,732.4","0.13K","-0.95%"
"Jan 22, 2016","1,713.0","1,773.0","1,775.0","1,635.6","0.12K","-3.38%"
"Jan 23, 2016","1,707.3","1,713.0","1,735.0","1,681.2","0.03K","-0.33%"
"Jan 24, 2016","1,723.0","1,707.3","1,770.0","1,700.0","0.07K","0.92%"
"Jan 25, 2016","1,740.0","1,723.0","1,760.0","1,712.3","0.06K","0.98%"
"Jan 26, 2016","1,758.0","1,740.0","1,765.0","1,707.8","0.11K","1.04%"
"Jan 27, 2016","1,763.0","1,758.0","1,775.0","1,722.0","0.11K","0.28%"
"Jan 28, 2016","1,731.9","1,763.0","1,763.0","1,711.0","0.10K","-1.76%"
"Jan 29, 2016","1,725.0","1,731.9","1,732.0","1,650.0","0.11K","-0.40%"
"Jan 30, 2016","1,716.0","1,725.0","1,738.5","1,689.0","0.03K","-0.52%"
"Jan 31, 2016","1,707.9","1,716.0","1,738.5","1,650.9","0.03K","-0.47%"
"Feb 01, 2016","1,660.0","1,707.9","1,715.0","1,622.5","0.08K","-2.80%"
"Feb 02, 2016","1,661.0","1,660.0","1,694.0","1,628.0","0.09K","0.06%"
"Feb 03, 2016","1,625.0","1,661.0","1,679.6","1,601.0","0.13K","-2.17%"
"Feb 04, 2016","1,635.0","1,620.0","1,667.0","1,559.1","0.12K","0.62%"
"Feb 05, 2016","1,666.0","1,635.0","1,666.9","1,626.0","0.07K","1.90%"
"Feb 06, 2016","1,650.0","1,666.0","1,666.0","1,624.7","0.02K","-0.96%"
"Feb 07, 2016","1,600.0","1,650.0","1,650.0","1,600.0","0.07K","-3.03%"
"Feb 08, 2016","1,610.0","1,600.0","1,633.0","1,570.0","0.09K","0.63%"
"Feb 09, 2016","1,586.4","1,610.0","1,615.0","1,561.0","0.07K","-1.46%"
"Feb 10, 2016","1,599.7","1,586.4","1,629.0","1,566.0","0.11K","0.84%"
"Feb 11, 2016","1,607.8","1,599.7","1,630.0","1,561.0","0.12K","0.50%"
"Feb 12, 2016","1,609.0","1,607.8","1,624.0","1,565.0","0.14K","0.08%"
"Feb 13, 2016","1,633.0","1,609.0","1,655.0","1,609.0","0.04K","1.49%"
"Feb 14, 2016","1,706.0","1,633.0","1,709.0","1,633.0","0.04K","4.47%"
"Feb 15, 2016","1,748.0","1,706.0","1,750.0","1,700.0","0.09K","2.46%"
"Feb 16, 2016","1,726.6","1,747.0","1,747.0","1,696.3","0.12K","-1.23%"
"Feb 17, 2016","1,771.9","1,726.6","1,800.0","1,723.1","0.17K","2.63%"
"Feb 18, 2016","1,811.9","1,771.9","1,814.0","1,751.0","0.10K","2.26%"
"Feb 19, 2016","1,781.2","1,811.9","1,811.9","1,771.0","0.09K","-1.69%"
"Feb 20, 2016","1,847.0","1,781.2","1,847.0","1,775.0","0.04K","3.69%"
"Feb 21, 2016","1,811.0","1,847.0","1,850.0","1,806.0","0.04K","-1.95%"
"Feb 22, 2016","1,825.0","1,811.0","1,839.0","1,780.1","0.11K","0.77%"
"Feb 23, 2016","1,760.5","1,825.0","1,825.0","1,751.2","0.11K","-3.53%"
"Feb 24, 2016","1,770.0","1,760.5","1,821.2","1,728.0","0.14K","0.54%"
"Feb 25, 2016","1,770.0","1,770.0","1,770.0","1,742.0","0.06K","0.00%"
"Feb 26, 2016","1,785.3","1,770.0","1,810.0","1,755.0","0.07K","0.86%"
"Feb 27, 2016","1,810.0","1,785.3","1,810.0","1,785.3","0.03K","1.38%"
"Feb 28, 2016","1,810.0","1,810.0","1,810.0","1,780.0","0.02K","0.00%"
"Feb 29, 2016","1,810.1","1,810.0","1,824.0","1,770.0","0.10K","0.01%"
"Mar 01, 2016","1,821.0","1,810.1","1,849.0","1,810.1","0.12K","0.60%"
"Mar 02, 2016","1,799.0","1,821.0","1,834.9","1,786.0","0.10K","-1.21%"
"Mar 03, 2016","1,770.0","1,799.0","1,835.0","1,750.3","0.15K","-1.61%"
"Mar 04, 2016","1,739.0","1,770.0","1,789.6","1,704.2","0.09K","-1.75%"
"Mar 05, 2016","1,682.0","1,739.0","1,745.0","1,660.0","0.08K","-3.28%"
"Mar 06, 2016","1,703.3","1,682.0","1,746.0","1,682.0","0.03K","1.27%"
"Mar 07, 2016","1,735.0","1,703.3","1,735.0","1,691.2","0.10K","1.86%"
"Mar 08, 2016","1,738.0","1,735.0","1,758.0","1,695.0","0.13K","0.17%"
"Mar 09, 2016","1,720.0","1,738.0","1,738.0","1,700.0","0.13K","-1.03%"
"Mar 10, 2016","1,715.0","1,720.0","1,738.0","1,700.0","0.10K","-0.29%"
"Mar 11, 2016","1,729.2","1,715.0","1,735.0","1,690.0","0.14K","0.83%"
"Mar 12, 2016","1,706.8","1,729.2","1,733.0","1,696.0","0.03K","-1.30%"
"Mar 13, 2016","1,680.0","1,706.8","1,708.9","1,630.2","0.03K","-1.57%"
"Mar 14, 2016","1,726.0","1,680.0","1,738.0","1,640.0","0.13K","2.74%"
"Mar 15, 2016","1,734.0","1,726.0","1,735.0","1,683.0","0.10K","0.46%"
"Mar 16, 2016","1,715.9","1,734.0","1,740.0","1,697.7","0.12K","-1.05%"
"Mar 17, 2016","1,715.0","1,715.9","1,740.0","1,707.0","0.07K","-0.05%"
"Mar 18, 2016","1,699.0","1,715.0","1,737.7","1,671.7","0.12K","-0.93%"
"Mar 19, 2016","1,680.0","1,699.0","1,699.0","1,601.0","0.08K","-1.12%"
"Mar 20, 2016","1,673.6","1,680.0","1,680.0","1,614.7","0.03K","-0.38%"
"Mar 21, 2016","1,640.6","1,673.6","1,679.8","1,616.0","0.15K","-1.97%"
"Mar 22, 2016","1,677.3","1,640.6","1,680.0","1,638.0","0.17K","2.24%"
"Mar 23, 2016","1,780.0","1,677.2","1,820.0","1,645.2","0.28K","6.12%"
"Mar 24, 2016","1,742.6","1,780.0","1,801.0","1,704.2","0.14K","-2.10%"
"Mar 25, 2016","1,758.0","1,742.6","1,797.9","1,742.5","0.09K","0.88%"
"Mar 26, 2016","1,735.0","1,758.0","1,762.7","1,713.1","0.06K","-1.31%"
"Mar 27, 2016","1,759.0","1,735.0","1,800.0","1,714.0","0.15K","1.38%"
"Mar 28, 2016","1,770.0","1,759.0","1,801.0","1,746.0","0.24K","0.63%"
"Mar 29, 2016","1,747.2","1,770.0","1,805.0","1,720.0","0.20K","-1.29%"
"Mar 30, 2016","1,737.0","1,747.2","1,748.8","1,710.8","0.11K","-0.58%"
"Mar 31, 2016","1,724.0","1,710.8","1,735.0","1,701.0","0.17K","-0.75%"
"Apr 01, 2016","1,718.0","1,724.0","1,740.0","1,700.0","0.20K","-0.35%"
"Apr 02, 2016","1,690.0","1,718.0","1,719.0","1,685.0","0.03K","-1.63%"
"Apr 03, 2016","1,714.0","1,690.0","1,719.2","1,690.0","0.03K","1.42%"
"Apr 04, 2016","1,719.4","1,714.0","1,729.0","1,640.0","0.25K","0.31%"
"Apr 05, 2016","1,701.0","1,719.4","1,725.0","1,660.5","0.19K","-1.07%"
"Apr 06, 2016","1,709.5","1,701.0","1,713.0","1,684.0","0.10K","0.50%"
"Apr 07, 2016","1,699.0","1,709.5","1,710.0","1,672.2","0.10K","-0.61%"
"Apr 08, 2016","1,675.0","1,699.0","1,699.0","1,642.0","0.21K","-1.41%"
"Apr 09, 2016","1,655.0","1,675.0","1,675.0","1,636.1","0.04K","-1.19%"
"Apr 10, 2016","1,668.0","1,655.0","1,668.0","1,650.1","0.02K","0.79%"
"Apr 11, 2016","1,622.9","1,668.0","1,673.0","1,615.0","0.14K","-2.70%"
"Apr 12, 2016","1,639.0","1,622.9","1,640.0","1,616.1","0.11K","0.99%"
"Apr 13, 2016","1,650.0","1,639.0","1,650.0","1,623.4","0.19K","0.67%"
"Apr 14, 2016","1,660.0","1,650.0","1,660.0","1,630.1","0.11K","0.61%"
"Apr 15, 2016","1,700.0","1,660.0","1,720.0","1,642.2","0.13K","2.41%"
"Apr 16, 2016","1,697.0","1,700.0","1,720.0","1,685.5","0.04K","-0.18%"
"Apr 17, 2016","1,685.8","1,697.0","1,706.8","1,673.9","0.02K","-0.66%"
"Apr 18, 2016","1,675.8","1,685.8","1,700.0","1,626.1","0.14K","-0.60%"
"Apr 19, 2016","1,699.0","1,675.8","1,700.0","1,655.0","0.10K","1.39%"
"Apr 20, 2016","1,734.0","1,699.0","1,750.0","1,677.6","0.26K","2.06%"
"Apr 21, 2016","1,744.8","1,734.0","1,745.0","1,718.0","0.09K","0.62%"
"Apr 22, 2016","1,746.5","1,744.8","1,752.0","1,705.3","0.15K","0.10%"
"Apr 23, 2016","1,718.0","1,746.5","1,750.0","1,708.1","0.06K","-1.63%"
"Apr 24, 2016","1,760.0","1,718.0","1,760.0","1,718.0","0.04K","2.44%"
"Apr 25, 2016","1,786.0","1,760.0","1,787.0","1,726.7","0.21K","1.47%"
"Apr 26, 2016","1,815.0","1,786.0","1,844.0","1,766.0","0.13K","1.63%"
"Apr 27, 2016","1,772.0","1,815.0","1,833.0","1,750.0","0.18K","-2.37%"
"Apr 28, 2016","1,755.0","1,772.0","1,786.5","1,715.0","0.15K","-0.96%"
"Apr 29, 2016","1,757.7","1,755.0","1,775.0","1,706.1","0.13K","0.15%"
"Apr 30, 2016","1,715.0","1,757.7","1,757.9","1,714.5","0.04K","-2.43%"
"May 01, 2016","1,729.5","1,715.0","1,742.3","1,713.0","0.02K","0.85%"
"May 02, 2016","1,701.3","1,729.5","1,740.0","1,701.3","0.18K","-1.63%"
"May 03, 2016","1,748.6","1,701.3","1,769.0","1,701.3","0.22K","2.78%"
"May 04, 2016","1,732.4","1,748.6","1,753.0","1,725.0","0.12K","-0.92%"
"May 05, 2016","1,744.9","1,732.4","1,767.0","1,720.0","0.14K","0.72%"
"May 06, 2016","1,750.2","1,744.0","1,764.0","1,721.0","0.11K","0.30%"
"May 07, 2016","1,741.0","1,750.2","1,764.0","1,740.0","0.02K","-0.53%"
"May 08, 2016","1,736.0","1,741.0","1,760.0","1,736.0","0.03K","-0.29%"
"May 09, 2016","1,779.9","1,736.0","1,780.0","1,715.0","0.24K","2.53%"
"May 10, 2016","1,725.0","1,779.9","1,780.0","1,720.0","0.24K","-3.09%"
"May 11, 2016","1,745.7","1,725.0","1,751.3","1,723.3","0.17K","1.20%"
"May 12, 2016","1,764.0","1,750.0","1,764.0","1,720.0","0.15K","1.05%"
"May 13, 2016","1,761.0","1,764.0","1,780.0","1,736.1","0.15K","-0.17%"
"May 14, 2016","1,776.0","1,761.0","1,780.0","1,755.0","0.06K","0.85%"
"May 15, 2016","1,761.2","1,776.0","1,776.0","1,760.0","0.02K","-0.83%"
"May 16, 2016","1,775.4","1,761.2","1,808.0","1,754.0","0.20K","0.81%"
"May 17, 2016","1,779.0","1,763.0","1,797.9","1,755.0","0.19K","0.20%"
"May 18, 2016","1,783.0","1,779.0","1,790.0","1,756.7","0.17K","0.22%"
"May 19, 2016","1,770.0","1,783.0","1,799.0","1,757.0","0.20K","-0.73%"
"May 20, 2016","1,770.0","1,770.0","1,771.0","1,743.0","0.14K","0.00%"
"May 21, 2016","1,756.0","1,770.0","1,775.0","1,747.0","0.05K","-0.79%"
"May 22, 2016","1,755.0","1,756.0","1,764.5","1,738.0","0.04K","-0.05%"
"May 23, 2016","1,747.3","1,755.0","1,790.0","1,720.1","0.27K","-0.44%"
"May 24, 2016","1,760.0","1,747.3","1,790.0","1,731.1","0.21K","0.73%"
"May 25, 2016","1,769.9","1,760.0","1,780.0","1,742.0","0.21K","0.56%"
"May 26, 2016","1,772.0","1,770.0","1,775.0","1,752.0","0.08K","0.12%"
"May 27, 2016","1,813.9","1,772.0","1,813.9","1,755.4","0.22K","2.36%"
"May 28, 2016","1,870.0","1,813.9","1,897.0","1,780.0","0.16K","3.09%"
"May 29, 2016","1,875.1","1,870.0","1,917.0","1,855.0","0.10K","0.27%"
"May 30, 2016","2,050.0","1,875.1","2,090.0","1,875.1","0.28K","9.33%"
"May 31, 2016","2,025.0","2,050.0","2,090.0","1,800.0","0.34K","-1.22%"
"Jun 01, 2016","2,088.9","2,043.2","2,090.0","1,992.0","0.28K","3.16%"
"Jun 02, 2016","2,100.0","2,088.9","2,142.9","2,025.2","0.18K","0.53%"
"Jun 03, 2016","2,220.0","2,100.0","2,400.0","2,072.2","0.36K","5.71%"
"Jun 04, 2016","2,292.8","2,220.0","2,329.2","2,205.0","0.13K","3.28%"
"Jun 05, 2016","2,290.0","2,292.8","2,295.0","2,255.0","0.05K","-0.12%"
"Jun 06, 2016","2,335.0","2,290.0","2,337.8","2,255.2","0.22K","1.97%"
"Jun 07, 2016","2,340.0","2,335.0","2,404.6","2,257.0","0.30K","0.21%"
"Jun 08, 2016","2,297.0","2,340.0","2,340.0","2,264.0","0.27K","-1.84%"
"Jun 09, 2016","2,280.0","2,297.0","2,315.0","2,202.8","0.24K","-0.74%"
"Jun 10, 2016","2,241.9","2,280.0","2,280.0","2,199.0","0.15K","-1.67%"
"Jun 11, 2016","2,269.0","2,241.9","2,274.0","2,225.0","0.06K","1.21%"
"Jun 12, 2016","2,430.0","2,269.0","2,466.0","2,269.0","0.18K","7.10%"
"Jun 13, 2016","2,551.1","2,430.0","2,689.0","2,397.0","0.35K","4.98%"
"Jun 14, 2016","2,565.5","2,551.1","2,607.0","2,450.0","0.23K","0.56%"
"Jun 15, 2016","2,590.0","2,565.5","2,600.0","2,515.0","0.22K","0.95%"
"Jun 16, 2016","2,881.1","2,590.0","2,959.0","2,566.1","0.34K","11.24%"
"Jun 17, 2016","2,920.0","2,881.1","2,951.3","2,820.0","0.22K","1.35%"
"Jun 18, 2016","2,874.6","2,920.0","2,930.0","2,763.8","0.13K","-1.55%"
"Jun 19, 2016","2,800.0","2,874.6","2,890.0","2,581.0","0.07K","-2.60%"
"Jun 20, 2016","2,831.2","2,800.0","2,884.5","2,701.5","0.17K","1.11%"
"Jun 21, 2016","2,615.0","2,827.5","2,870.0","2,500.0","0.27K","-7.64%"
"Jun 22, 2016","2,310.1","2,615.0","2,660.0","2,301.0","0.29K","-11.66%"
"Jun 23, 2016","2,298.9","2,301.0","2,450.5","2,011.2","0.40K","-0.48%"
"Jun 24, 2016","2,455.0","2,298.9","2,599.0","2,298.9","0.25K","6.79%"
"Jun 25, 2016","2,485.0","2,455.0","2,540.0","2,454.8","0.08K","1.22%"
"Jun 26, 2016","2,350.0","2,464.0","2,488.0","2,340.0","0.08K","-5.43%"
"Jun 27, 2016","2,296.0","2,350.0","2,414.0","2,255.1","0.15K","-2.30%"
"Jun 28, 2016","2,328.0","2,296.0","2,404.5","2,265.0","0.17K","1.39%"
"Jun 29, 2016","2,251.0","2,328.0","2,328.0","2,185.7","0.14K","-3.31%"
"Jun 30, 2016","2,262.8","2,251.0","2,304.9","2,205.0","0.20K","0.52%"
"Jul 01, 2016","2,275.1","2,262.8","2,304.0","2,202.0","0.15K","0.55%"
"Jul 02, 2016","2,299.0","2,275.1","2,299.0","2,201.3","0.07K","1.05%"
"Jul 03, 2016","2,232.5","2,299.0","2,299.0","2,218.0","0.06K","-2.89%"
"Jul 04, 2016","2,250.1","2,232.5","2,280.0","2,220.0","0.12K","0.79%"
"Jul 05, 2016","2,260.0","2,250.1","2,288.0","2,243.3","0.11K","0.44%"
"Jul 06, 2016","2,336.0","2,260.0","2,359.9","2,260.0","0.10K","3.36%"
"Jul 07, 2016","2,275.0","2,336.0","2,358.8","2,154.4","0.17K","-2.61%"
"Jul 08, 2016","2,322.5","2,275.0","2,348.0","2,257.0","0.20K","2.09%"
"Jul 09, 2016","2,270.1","2,322.5","2,344.0","2,248.1","0.11K","-2.26%"
"Jul 10, 2016","2,298.8","2,270.1","2,310.0","2,263.3","0.03K","1.27%"
"Jul 11, 2016","2,253.2","2,298.8","2,298.8","2,205.5","0.13K","-1.99%"
"Jul 12, 2016","2,278.0","2,253.2","2,281.5","2,221.5","0.07K","1.10%"
"Jul 13, 2016","2,305.0","2,278.0","2,335.0","2,250.0","0.19K","1.19%"
"Jul 14, 2016","2,285.0","2,305.0","2,306.5","2,255.9","0.12K","-0.87%"
"Jul 15, 2016","2,256.5","2,285.0","2,285.0","2,235.0","0.11K","-1.25%"
"Jul 16, 2016","2,279.0","2,256.5","2,316.0","2,255.0","0.09K","1.00%"
"Jul 17, 2016","2,275.0","2,279.0","2,295.0","2,254.0","0.02K","-0.18%"
"Jul 18, 2016","2,270.4","2,275.0","2,315.0","2,265.9","0.10K","-0.20%"
"Jul 19, 2016","2,280.0","2,270.4","2,295.0","2,260.0","0.14K","0.42%"
"Jul 20, 2016","2,281.0","2,280.0","2,294.0","2,240.0","0.13K","0.04%"
"Jul 21, 2016","2,260.0","2,281.0","2,284.7","2,230.0","0.08K","-0.92%"
"Jul 22, 2016","2,245.5","2,260.0","2,275.0","2,185.3","0.10K","-0.64%"
"Jul 23, 2016","2,258.8","2,245.5","2,263.0","2,231.0","0.03K","0.59%"
"Jul 24, 2016","2,246.0","2,258.8","2,258.8","2,202.8","0.02K","-0.57%"
"Jul 25, 2016","2,214.2","2,246.0","2,250.0","2,165.7","0.12K","-1.42%"
"Jul 26, 2016","2,160.1","2,214.2","2,322.0","2,160.1","0.26K","-2.44%"
"Jul 27, 2016","2,188.9","2,160.1","2,228.9","2,156.1","0.14K","1.34%"
"Jul 28, 2016","2,135.0","2,188.9","2,190.0","2,010.0","0.13K","-2.46%"
"Jul 29, 2016","2,128.0","2,135.0","2,184.9","2,011.1","0.11K","-0.33%"
"Jul 30, 2016","2,094.0","2,128.0","2,153.0","2,065.2","0.04K","-1.60%"
"Jul 31, 2016","2,092.9","2,094.0","2,120.0","2,050.0","0.02K","-0.06%"
"Aug 01, 2016","1,992.0","2,092.9","2,092.9","1,801.2","0.16K","-4.82%"
"Aug 02, 2016","1,800.0","1,992.0","2,000.2","1,800.0","0.22K","-9.64%"
"Aug 03, 2016","1,985.0","1,800.0","2,000.0","1,740.0","0.27K","10.28%"
"Aug 04, 2016","1,971.0","1,985.0","2,032.0","1,930.0","0.10K","-0.71%"
"Aug 05, 2016","1,947.0","1,971.0","2,032.0","1,925.0","0.23K","-1.22%"
"Aug 06, 2016","1,968.0","1,947.0","1,989.8","1,910.0","0.11K","1.08%"
"Aug 07, 2016","1,931.4","1,968.0","1,985.0","1,920.0","0.06K","-1.86%"
"Aug 08, 2016","1,967.2","1,931.4","1,974.8","1,921.0","0.08K","1.85%"
"Aug 09, 2016","1,909.0","1,967.2","1,974.4","1,850.0","0.14K","-2.96%"
"Aug 10, 2016","1,921.7","1,909.0","1,949.0","1,870.0","0.11K","0.66%"
"Aug 11, 2016","1,920.0","1,921.7","1,944.7","1,841.0","0.15K","-0.09%"
"Aug 12, 2016","1,898.0","1,920.0","1,935.3","1,860.0","0.09K","-1.15%"
"Aug 13, 2016","1,910.6","1,898.0","1,946.8","1,866.7","0.08K","0.66%"
"Aug 14, 2016","1,906.4","1,910.6","1,938.6","1,868.0","0.07K","-0.22%"
"Aug 15, 2016","1,900.0","1,906.4","1,940.0","1,870.0","0.10K","-0.34%"
"Aug 16, 2016","2,100.0","1,900.0","2,100.0","1,874.0","0.16K","10.53%"
"Aug 17, 2016","1,945.0","2,020.0","2,094.0","1,900.0","0.15K","-7.38%"
"Aug 18, 2016","1,924.8","1,945.0","1,945.0","1,902.1","0.12K","-1.04%"
"Aug 19, 2016","1,911.0","1,924.8","1,955.0","1,900.1","0.14K","-0.72%"
"Aug 20, 2016","1,906.2","1,911.0","1,945.0","1,905.0","0.09K","-0.25%"
"Aug 21, 2016","1,937.1","1,906.2","1,945.0","1,906.2","0.03K","1.62%"
"Aug 22, 2016","1,922.6","1,937.1","1,970.0","1,913.0","0.11K","-0.75%"
"Aug 23, 2016","1,925.0","1,922.6","1,950.0","1,920.0","0.07K","0.13%"
"Aug 24, 2016","1,945.3","1,925.0","1,949.0","1,925.0","0.09K","1.05%"
"Aug 25, 2016","1,946.0","1,945.3","1,950.0","1,925.0","0.10K","0.04%"
"Aug 26, 2016","1,945.0","1,946.0","1,946.8","1,927.4","0.08K","-0.05%"
"Aug 27, 2016","1,945.0","1,945.0","1,945.0","1,928.0","0.04K","0.00%"
"Aug 28, 2016","1,943.9","1,945.0","1,945.0","1,928.0","0.02K","-0.06%"
"Aug 29, 2016","1,947.2","1,943.9","1,955.0","1,927.5","0.12K","0.17%"
"Aug 30, 2016","1,950.0","1,947.2","1,955.0","1,926.1","0.11K","0.14%"
"Aug 31, 2016","1,929.6","1,950.0","1,955.0","1,929.1","0.12K","-1.05%"
"Sep 01, 2016","1,896.0","1,929.6","1,949.0","1,841.2","0.26K","-1.74%"
"Sep 02, 2016","1,904.0","1,896.0","1,929.0","1,875.0","0.13K","0.42%"
"Sep 03, 2016","1,935.0","1,904.0","1,946.2","1,894.1","0.05K","1.63%"
"Sep 04, 2016","1,959.0","1,935.0","1,980.0","1,928.1","0.09K","1.24%"
"Sep 05, 2016","1,959.6","1,959.0","1,990.0","1,940.9","0.10K","0.03%"
"Sep 06, 2016","1,950.2","1,959.6","1,999.0","1,943.5","0.11K","-0.48%"
"Sep 07, 2016","1,988.1","1,950.2","2,000.0","1,950.0","0.07K","1.94%"
"Sep 08, 2016","2,003.3","1,988.1","2,035.0","1,967.1","0.09K","0.77%"
"Sep 09, 2016","2,022.8","2,032.3","2,033.0","1,980.0","0.07K","0.97%"
"Sep 10, 2016","2,035.0","2,022.8","2,035.0","2,006.0","0.02K","0.60%"
"Sep 11, 2016","2,025.8","2,035.0","2,035.0","1,965.0","0.05K","-0.45%"
"Sep 12, 2016","2,002.4","1,990.0","2,029.0","1,954.2","0.08K","-1.15%"
"Sep 13, 2016","2,000.0","2,002.4","2,070.0","1,980.0","0.14K","-0.12%"
"Sep 14, 2016","1,982.5","1,986.0","2,018.0","1,966.7","0.11K","-0.88%"
"Sep 15, 2016","1,980.9","1,982.5","2,000.0","1,950.0","0.14K","-0.08%"
"Sep 16, 2016","1,957.3","1,980.9","1,990.0","1,935.0","0.08K","-1.19%"
"Sep 17, 2016","1,951.0","1,957.3","1,970.0","1,933.7","0.03K","-0.32%"
"Sep 18, 2016","1,988.0","1,951.0","2,010.0","1,951.0","0.05K","1.90%"
"Sep 19, 2016","1,960.0","1,988.0","1,998.0","1,947.8","0.11K","-1.41%"
"Sep 20, 2016","1,985.0","1,960.0","2,000.0","1,937.4","0.12K","1.28%"
"Sep 21, 2016","1,965.8","1,985.0","1,985.0","1,937.4","0.13K","-0.97%"
"Sep 22, 2016","1,963.0","1,965.8","1,985.0","1,946.8","0.11K","-0.14%"
"Sep 23, 2016","2,010.0","1,963.0","2,024.0","1,961.1","0.08K","2.39%"
"Sep 24, 2016","1,998.2","2,010.0","2,010.0","1,990.9","0.03K","-0.59%"
"Sep 25, 2016","1,987.5","1,998.2","2,010.0","1,986.7","0.02K","-0.53%"
"Sep 26, 2016","2,000.0","1,987.5","2,007.0","1,965.0","0.09K","0.63%"
"Sep 27, 2016","1,992.3","2,000.0","2,005.0","1,968.8","0.11K","-0.38%"
"Sep 28, 2016","1,988.0","1,992.3","1,999.0","1,971.0","0.07K","-0.22%"
"Sep 29, 2016","1,980.1","1,988.0","1,997.0","1,954.5","0.13K","-0.40%"
"Sep 30, 2016","1,970.1","1,980.1","2,000.0","1,958.0","0.12K","-0.51%"
"Oct 01, 2016","2,008.9","1,970.1","2,030.7","1,970.1","0.04K","1.97%"
"Oct 02, 2016","2,000.0","2,008.9","2,023.0","1,980.0","0.02K","-0.45%"
"Oct 03, 2016","1,985.0","2,000.0","2,021.9","1,975.0","0.15K","-0.75%"
"Oct 04, 2016","1,982.3","1,985.0","2,000.0","1,975.0","0.10K","-0.14%"
"Oct 05, 2016","1,984.0","1,982.3","2,000.0","1,951.6","0.13K","0.09%"
"Oct 06, 2016","2,010.6","1,984.0","2,013.9","1,961.0","0.17K","1.34%"
"Oct 07, 2016","2,032.5","2,010.6","2,050.0","1,990.0","0.14K","1.09%"
"Oct 08, 2016","2,007.3","2,032.5","2,032.5","2,002.0","0.07K","-1.24%"
"Oct 09, 2016","2,016.1","2,007.3","2,047.8","1,990.5","0.07K","0.44%"
"Oct 10, 2016","2,050.0","2,016.1","2,050.0","1,997.0","0.11K","1.68%"
"Oct 11, 2016","2,100.1","2,050.0","2,146.6","2,020.0","0.16K","2.45%"
"Oct 12, 2016","2,094.3","2,100.1","2,123.5","2,082.0","0.09K","-0.28%"
"Oct 13, 2016","2,102.6","2,094.3","2,118.4","2,080.0","0.08K","0.40%"
"Oct 14, 2016","2,218.0","2,102.6","2,220.0","2,082.0","0.13K","5.49%"
"Oct 15, 2016","2,181.0","2,218.0","2,229.0","2,105.1","0.09K","-1.67%"
"Oct 16, 2016","2,164.4","2,181.0","2,192.2","2,131.0","0.02K","-0.76%"
"Oct 17, 2016","2,139.1","2,164.4","2,175.0","2,110.2","0.09K","-1.17%"
"Oct 18, 2016","2,157.3","2,139.1","2,175.0","2,125.3","0.09K","0.85%"
"Oct 19, 2016","2,122.1","2,157.3","2,170.0","2,106.3","0.16K","-1.63%"
"Oct 20, 2016","2,130.0","2,122.1","2,164.5","2,122.1","0.13K","0.37%"
"Oct 21, 2016","2,107.0","2,130.0","2,161.2","2,107.0","0.12K","-1.08%"
"Oct 22, 2016","2,160.1","2,107.0","2,178.0","2,107.0","0.06K","2.52%"
"Oct 23, 2016","2,174.0","2,160.1","2,178.1","2,160.0","0.02K","0.64%"
"Oct 24, 2016","2,145.9","2,174.0","2,174.0","2,113.1","0.17K","-1.29%"
"Oct 25, 2016","2,151.3","2,145.9","2,178.0","2,124.0","0.15K","0.25%"
"Oct 26, 2016","2,200.0","2,151.3","2,239.9","2,130.0","0.15K","2.26%"
"Oct 27, 2016","2,247.3","2,200.0","2,250.0","2,184.9","0.15K","2.15%"
"Oct 28, 2016","2,300.0","2,247.3","2,360.0","2,220.0","0.20K","2.35%"
"Oct 29, 2016","2,431.2","2,300.0","2,479.0","2,280.0","0.10K","5.70%"
"Oct 30, 2016","2,419.8","2,431.2","2,454.0","2,370.0","0.09K","-0.47%"
"Oct 31, 2016","2,350.0","2,419.8","2,419.8","2,345.0","0.14K","-2.88%"
"Nov 01, 2016","2,464.4","2,350.0","2,600.0","2,340.0","0.21K","4.87%"
"Nov 02, 2016","2,420.0","2,464.4","2,473.0","2,392.9","0.11K","-1.80%"
"Nov 03, 2016","2,281.2","2,420.0","2,473.0","2,261.1","0.18K","-5.73%"
"Nov 04, 2016","2,345.3","2,281.2","2,389.0","2,260.0","0.11K","2.81%"
"Nov 05, 2016","2,343.6","2,345.3","2,383.0","2,316.4","0.07K","-0.07%"
"Nov 06, 2016","2,359.0","2,343.6","2,365.5","2,320.0","0.02K","0.66%"
"Nov 07, 2016","2,362.6","2,359.0","2,368.0","2,320.6","0.14K","0.15%"
"Nov 08, 2016","2,349.1","2,362.6","2,364.0","2,330.0","0.15K","-0.58%"
"Nov 09, 2016","2,398.8","2,349.1","2,437.0","2,320.6","0.19K","2.12%"
"Nov 10, 2016","2,431.0","2,398.8","2,460.0","2,398.0","0.11K","1.34%"
"Nov 11, 2016","2,490.1","2,431.0","2,543.0","2,427.0","0.13K","2.43%"
"Nov 12, 2016","2,497.6","2,490.1","2,515.8","2,482.5","0.05K","0.30%"
"Nov 13, 2016","2,450.0","2,497.6","2,497.6","2,437.0","0.09K","-1.91%"
"Nov 14, 2016","2,473.6","2,450.0","2,494.0","2,437.0","0.15K","0.96%"
"Nov 15, 2016","2,485.0","2,473.6","2,490.0","2,456.4","0.06K","0.46%"
"Nov 16, 2016","2,427.7","2,485.0","2,495.0","2,350.0","0.22K","-2.31%"
"Nov 17, 2016","2,449.0","2,427.7","2,500.0","2,320.0","0.15K","0.88%"
"Nov 18, 2016","2,530.1","2,473.0","2,550.0","2,430.0","0.18K","3.31%"
"Nov 19, 2016","2,559.0","2,559.0","2,577.0","2,516.0","0.06K","1.14%"
"Nov 20, 2016","2,485.0","2,571.0","2,580.0","2,435.0","0.06K","-2.89%"
"Nov 21, 2016","2,527.3","2,507.1","2,567.9","2,460.4","0.12K","1.70%"
"Nov 22, 2016","2,580.0","2,598.0","2,620.0","2,452.0","0.15K","2.09%"
"Nov 23, 2016","2,585.8","2,580.0","2,619.9","2,500.0","0.16K","0.23%"
"Nov 24, 2016","2,567.0","2,576.1","2,609.9","2,530.0","0.14K","-0.73%"
"Nov 25, 2016","2,570.0","2,560.3","2,590.0","2,545.0","0.09K","0.12%"
"Nov 26, 2016","2,586.7","2,571.0","2,589.9","2,540.0","0.05K","0.65%"
"Nov 27, 2016","2,584.9","2,561.0","2,590.0","2,554.5","0.02K","-0.07%"
"Nov 28, 2016","2,552.1","2,584.9","2,619.9","2,542.3","0.17K","-1.27%"
"Nov 29, 2016","2,565.0","2,560.0","2,593.9","2,540.1","0.14K","0.50%"
"Nov 30, 2016","2,557.0","2,551.1","2,588.8","2,522.7","0.21K","-0.31%"
"Dec 01, 2016","2,608.0","2,612.0","2,636.0","2,557.0","0.16K","1.99%"
"Dec 02, 2016","2,701.4","2,635.0","2,732.1","2,609.1","0.18K","3.58%"
"Dec 03, 2016","2,715.4","2,730.5","2,732.1","2,700.0","0.04K","0.52%"
"Dec 04, 2016","2,717.4","2,738.1","2,749.1","2,710.0","0.04K","0.07%"
"Dec 05, 2016","2,750.0","2,748.3","2,794.1","2,710.0","0.20K","1.20%"
"Dec 06, 2016","2,714.0","2,715.5","2,790.0","2,713.0","0.20K","-1.31%"
"Dec 07, 2016","2,726.6","2,709.2","2,758.0","2,681.1","0.16K","0.47%"
"Dec 08, 2016","2,669.4","2,709.0","2,720.0","2,667.0","0.15K","-2.10%"
"Dec 09, 2016","2,704.0","2,678.0","2,715.0","2,652.5","0.17K","1.30%"
"Dec 10, 2016","2,706.8","2,701.0","2,739.0","2,680.0","0.08K","0.10%"
"Dec 11, 2016","2,683.0","2,707.0","2,750.0","2,675.3","0.06K","-0.88%"
"Dec 12, 2016","2,720.1","2,701.1","2,750.0","2,682.9","0.23K","1.38%"
"Dec 13, 2016","2,721.0","2,721.0","2,750.0","2,713.8","0.15K","0.03%"
"Dec 14, 2016","2,713.3","2,703.6","2,744.8","2,696.0","0.15K","-0.28%"
"Dec 15, 2016","2,708.1","2,727.0","2,737.0","2,701.1","0.10K","-0.19%"
"Dec 16, 2016","2,748.5","2,715.1","2,749.0","2,707.9","0.11K","1.49%"
"Dec 17, 2016","2,757.0","2,749.0","2,760.0","2,720.9","0.05K","0.31%"
"Dec 18, 2016","2,770.0","2,770.0","2,772.8","2,735.5","0.02K","0.47%"
"Dec 19, 2016","2,754.9","2,746.3","2,770.3","2,732.0","0.08K","-0.55%"
"Dec 20, 2016","2,769.9","2,754.9","2,780.0","2,725.0","0.15K","0.55%"
"Dec 21, 2016","2,821.1","2,770.0","2,849.5","2,761.1","0.26K","1.85%"
"Dec 22, 2016","2,942.9","2,844.8","2,949.9","2,823.0","0.17K","4.32%"
"Dec 23, 2016","3,134.5","2,985.2","3,144.5","2,924.7","0.19K","6.51%"
"Dec 24, 2016","3,065.0","3,122.1","3,135.0","3,010.0","0.08K","-2.22%"
"Dec 25, 2016","3,005.0","3,080.0","3,100.0","2,915.0","0.05K","-1.96%"
"Dec 26, 2016","3,135.0","3,033.2","3,135.0","2,974.0","0.11K","4.33%"
"Dec 27, 2016","3,325.0","3,102.0","3,326.0","3,070.0","0.18K","6.06%"
"Dec 28, 2016","3,630.0","3,500.0","3,699.0","3,252.0","0.26K","9.17%"
"Dec 29, 2016","3,571.0","3,599.0","3,640.0","3,501.0","0.18K","-1.63%"
"Dec 30, 2016","3,439.0","3,574.9","3,600.0","3,400.0","0.21K","-3.70%"
"Dec 31, 2016","3,463.0","3,400.0","3,499.0","3,385.0","0.04K","0.70%"
"Jan 01, 2017","3,585.0","3,471.9","3,615.0","3,424.2","0.07K","3.52%"
"Jan 02, 2017","3,661.0","3,585.0","3,798.0","3,549.1","0.15K","2.12%"
"Jan 03, 2017","3,650.0","3,620.0","3,709.0","3,564.6","0.17K","-0.30%"
"Jan 04, 2017","4,010.0","3,970.0","4,095.0","3,586.3","0.25K","9.86%"
"Jan 05, 2017","3,710.0","4,000.0","4,050.0","3,600.0","0.32K","-7.48%"
"Jan 06, 2017","3,500.6","3,500.0","3,900.0","3,200.0","0.28K","-5.64%"
"Jan 07, 2017","3,348.0","3,500.6","3,551.0","3,260.3","0.17K","-4.36%"
"Jan 08, 2017","3,430.0","3,442.1","3,494.0","3,315.0","0.08K","2.45%"
"Jan 09, 2017","3,418.8","3,430.0","3,450.0","3,330.0","0.15K","-0.33%"
"Jan 10, 2017","3,300.0","3,418.8","3,437.2","3,250.0","0.16K","-3.47%"
"Jan 11, 2017","2,723.1","3,300.0","3,342.8","2,500.0","0.40K","-17.48%"
"Jan 12, 2017","2,980.0","2,723.1","3,200.0","2,535.0","0.29K","9.44%"
"Jan 13, 2017","2,946.0","2,980.0","3,049.0","2,800.0","0.20K","-1.14%"
"Jan 14, 2017","2,929.0","2,946.0","2,998.0","2,871.0","0.08K","-0.58%"
"Jan 15, 2017","2,922.7","2,929.0","2,939.0","2,881.0","0.02K","-0.22%"
"Jan 16, 2017","2,910.0","2,922.7","2,990.0","2,890.0","0.12K","-0.43%"
"Jan 17, 2017","3,062.0","2,910.0","3,139.9","2,906.0","0.21K","5.22%"
"Jan 18, 2017","2,934.0","3,062.0","3,100.0","2,905.0","0.26K","-4.18%"
"Jan 19, 2017","2,915.0","2,934.0","2,985.0","2,900.0","0.18K","-0.65%"
"Jan 20, 2017","2,920.0","2,915.0","2,970.0","2,881.4","0.15K","0.17%"
"Jan 21, 2017","2,964.1","2,920.0","3,010.0","2,915.0","0.20K","1.51%"
"Jan 22, 2017","2,950.0","2,964.1","3,010.0","2,950.0","0.08K","-0.48%"
"Jan 23, 2017","2,968.0","2,950.0","3,000.0","2,930.1","0.14K","0.61%"
"Jan 24, 2017","2,894.0","2,968.0","3,000.0","2,876.3","0.18K","-2.49%"
"Jan 25, 2017","2,900.0","2,894.0","2,916.0","2,806.1","0.16K","0.21%"
"Jan 26, 2017","2,924.0","2,900.0","2,924.0","2,847.0","0.17K","0.83%"
"Jan 27, 2017","2,941.0","2,924.0","3,000.0","2,879.0","0.20K","0.58%"
"Jan 28, 2017","2,927.0","2,941.0","2,949.6","2,898.2","0.06K","-0.48%"
"Jan 29, 2017","2,900.0","2,927.0","2,927.0","2,880.0","0.07K","-0.92%"
"Jan 30, 2017","2,905.0","2,900.0","2,927.0","2,851.4","0.16K","0.17%"
"Jan 31, 2017","2,950.0","2,905.0","2,950.0","2,860.0","0.17K","1.55%"
"Feb 01, 2017","2,994.0","2,950.0","2,994.0","2,903.2","0.26K","1.49%"
"Feb 02, 2017","3,018.0","2,994.0","3,055.6","2,951.0","0.19K","0.80%"
"Feb 03, 2017","3,074.0","3,018.0","3,078.3","2,900.0","0.21K","1.86%"
"Feb 04, 2017","3,074.9","3,074.0","3,090.0","3,022.0","0.06K","0.03%"
"Feb 05, 2017","2,992.0","3,074.9","3,074.9","2,992.0","0.04K","-2.70%"
"Feb 06, 2017","3,012.1","2,992.0","3,049.0","2,970.0","0.13K","0.67%"
"Feb 07, 2017","3,089.9","3,012.1","3,100.0","2,988.0","0.21K","2.59%"
"Feb 08, 2017","3,221.0","3,089.9","3,250.0","3,000.0","0.23K","4.24%"
"Feb 09, 2017","3,027.0","3,221.0","3,248.4","2,900.0","0.34K","-6.02%"
"Feb 10, 2017","3,130.0","3,027.0","3,245.0","2,950.0","0.21K","3.40%"
"Feb 11, 2017","3,179.5","3,130.0","3,199.1","3,088.1","0.08K","1.58%"
"Feb 12, 2017","3,130.0","3,179.5","3,179.5","3,101.6","0.05K","-1.56%"
"Feb 13, 2017","3,130.2","3,130.0","3,250.0","3,090.0","0.19K","0.01%"
"Feb 14, 2017","3,165.0","3,130.2","3,235.0","3,090.0","0.24K","1.11%"
"Feb 15, 2017","3,147.1","3,165.0","3,199.0","3,111.0","0.17K","-0.57%"
"Feb 16, 2017","3,191.0","3,147.1","3,196.1","3,122.0","0.12K","1.40%"
"Feb 17, 2017","3,300.0","3,191.0","3,300.0","3,151.0","0.12K","3.42%"
"Feb 18, 2017","3,270.3","3,300.0","3,300.0","3,185.3","0.08K","-0.90%"
"Feb 19, 2017","3,276.0","3,270.3","3,300.0","3,268.2","0.02K","0.18%"
"Feb 20, 2017","3,296.0","3,276.0","3,333.0","3,275.0","0.19K","0.61%"
"Feb 21, 2017","3,470.0","3,296.0","3,500.0","3,290.0","0.22K","5.28%"
"Feb 22, 2017","3,597.7","3,470.0","3,700.0","3,377.1","0.30K","3.68%"
"Feb 23, 2017","3,650.0","3,597.7","3,699.0","3,491.0","0.17K","1.45%"
"Feb 24, 2017","3,750.0","3,650.0","4,000.0","3,581.0","0.39K","2.74%"
"Feb 25, 2017","3,696.0","3,750.0","3,750.0","3,660.0","0.08K","-1.44%"
"Feb 26, 2017","3,670.0","3,696.0","3,725.0","3,663.0","0.08K","-0.70%"
"Feb 27, 2017","3,788.0","3,670.0","3,790.0","3,670.0","0.09K","3.21%"
"Feb 28, 2017","3,745.0","3,788.0","3,790.0","3,736.0","0.05K","-1.13%"
"Mar 01, 2017","3,800.0","3,745.0","3,854.0","3,729.0","0.21K","1.47%"
"Mar 02, 2017","3,950.5","3,800.0","3,989.0","3,760.0","0.17K","3.96%"
"Mar 03, 2017","3,978.5","3,950.5","3,990.0","3,861.0","0.20K","0.71%"
"Mar 04, 2017","3,901.0","3,978.5","3,985.0","3,880.0","0.09K","-1.95%"
"Mar 05, 2017","3,908.0","3,901.0","3,948.1","3,900.2","0.04K","0.18%"
"Mar 06, 2017","3,914.4","3,908.0","3,960.0","3,908.0","0.14K","0.16%"
"Mar 07, 2017","3,853.0","3,914.4","3,930.0","3,710.0","0.37K","-1.57%"
"Mar 08, 2017","3,620.0","3,853.0","3,875.0","3,500.0","0.34K","-6.05%"
"Mar 09, 2017","3,798.0","3,620.0","3,809.5","3,572.0","0.19K","4.92%"
"Mar 10, 2017","3,600.1","3,798.0","3,921.4","3,500.0","0.37K","-5.21%"
"Mar 11, 2017","3,789.0","3,600.1","3,800.0","3,565.0","0.08K","5.25%"
"Mar 12, 2017","3,803.8","3,789.0","3,848.7","3,751.0","0.07K","0.39%"
"Mar 13, 2017","3,861.6","3,803.8","3,899.0","3,700.0","0.19K","1.52%"
"Mar 14, 2017","3,852.0","3,861.6","3,897.5","3,791.0","0.16K","-0.25%"
"Mar 15, 2017","3,963.9","3,852.0","3,975.4","3,815.0","0.24K","2.90%"
"Mar 16, 2017","3,883.2","3,963.9","3,975.4","3,841.0","0.23K","-2.04%"
"Mar 17, 2017","3,810.0","3,883.2","3,939.4","3,770.0","0.30K","-1.89%"
"Mar 18, 2017","3,365.0","3,810.0","3,905.0","3,260.0","0.80K","-11.68%"
"Mar 19, 2017","3,649.2","3,365.0","3,680.0","3,260.0","0.11K","8.45%"
"Mar 20, 2017","3,429.0","3,649.2","3,649.2","3,400.0","0.28K","-6.04%"
"Mar 21, 2017","3,670.0","3,429.0","3,702.0","3,429.0","0.33K","7.03%"
"Mar 22, 2017","3,572.4","3,670.0","3,689.0","3,500.0","0.24K","-2.66%"
"Mar 23, 2017","3,551.0","3,572.4","3,625.0","3,514.7","0.13K","-0.60%"
"Mar 24, 2017","3,474.5","3,551.0","3,598.0","3,364.0","0.29K","-2.15%"
"Mar 25, 2017","3,450.0","3,474.5","3,500.0","3,301.2","0.13K","-0.71%"
"Mar 26, 2017","3,474.9","3,450.0","3,498.0","3,421.8","0.06K","0.72%"
"Mar 27, 2017","3,568.2","3,474.9","3,597.0","3,420.8","0.16K","2.68%"
"Mar 28, 2017","3,592.9","3,568.2","3,598.0","3,501.1","0.22K","0.69%"
"Mar 29, 2017","3,579.6","3,592.9","3,597.0","3,527.4","0.14K","-0.37%"
"Mar 30, 2017","3,549.4","3,579.6","3,596.0","3,485.0","0.24K","-0.84%"
"Mar 31, 2017","3,585.5","3,549.4","3,588.0","3,520.0","0.17K","1.02%"
"Apr 01, 2017","3,578.5","3,585.5","3,588.0","3,546.2","0.06K","-0.20%"
"Apr 02, 2017","3,588.0","3,578.5","3,589.0","3,522.0","0.08K","0.27%"
"Apr 03, 2017","3,634.0","3,588.0","3,647.0","3,500.0","0.33K","1.28%"
"Apr 04, 2017","3,648.0","3,634.0","3,674.1","3,578.5","0.22K","0.39%"
"Apr 05, 2017","3,624.9","3,648.0","3,700.3","3,605.1","0.20K","-0.63%"
"Apr 06, 2017","3,715.0","3,624.9","3,717.0","3,590.0","0.21K","2.49%"
"Apr 07, 2017","3,719.4","3,715.0","3,725.0","3,655.0","0.21K","0.12%"
"Apr 08, 2017","3,660.0","3,719.4","3,720.0","3,650.8","0.09K","-1.60%"
"Apr 09, 2017","3,700.0","3,660.0","3,710.0","3,620.0","0.10K","1.09%"
"Apr 10, 2017","3,722.3","3,700.0","3,744.0","3,665.0","0.22K","0.60%"
"Apr 11, 2017","3,751.9","3,722.3","3,751.9","3,682.2","0.21K","0.79%"
"Apr 12, 2017","3,806.0","3,751.9","3,850.0","3,706.0","0.27K","1.44%"
"Apr 13, 2017","3,820.0","3,806.0","3,849.0","3,720.0","0.27K","0.37%"
"Apr 14, 2017","3,770.1","3,820.0","3,848.0","3,770.1","0.08K","-1.31%"
"Apr 15, 2017","3,766.9","3,770.1","3,848.0","3,750.0","0.10K","-0.09%"
"Apr 16, 2017","3,767.0","3,766.9","3,800.0","3,766.1","0.03K","0.00%"
"Apr 17, 2017","3,799.0","3,767.0","3,802.0","3,700.0","0.19K","0.85%"
"Apr 18, 2017","3,898.9","3,799.0","3,899.0","3,770.0","0.25K","2.63%"
"Apr 19, 2017","3,845.0","3,898.9","3,898.9","3,802.1","0.22K","-1.38%"
"Apr 20, 2017","3,960.0","3,845.0","3,990.0","3,796.0","0.35K","2.99%"
"Apr 21, 2017","3,890.9","3,960.0","3,991.8","3,890.9","0.14K","-1.75%"
"Apr 22, 2017","3,850.0","3,890.9","3,910.0","3,850.0","0.15K","-1.05%"
"Apr 23, 2017","3,872.0","3,850.0","3,937.0","3,850.0","0.10K","0.57%"
"Apr 24, 2017","4,035.1","3,872.0","4,099.0","3,871.1","0.28K","4.21%"
"Apr 25, 2017","4,320.0","4,035.1","4,374.0","3,977.7","0.38K","7.06%"
"Apr 26, 2017","4,394.0","4,320.0","4,477.8","4,150.0","0.38K","1.71%"
"Apr 27, 2017","4,610.0","4,394.0","4,627.2","4,369.8","0.36K","4.92%"
"Apr 28, 2017","4,497.0","4,610.0","4,612.9","4,283.3","0.49K","-2.45%"
"Apr 29, 2017","4,460.1","4,497.0","4,588.0","4,401.0","0.10K","-0.82%"
"Apr 30, 2017","4,537.2","4,460.1","4,544.0","4,460.0","0.04K","1.73%"
"May 01, 2017","4,665.6","4,537.2","4,685.0","4,480.1","0.13K","2.83%"
"May 02, 2017","4,876.0","4,665.6","4,911.0","4,583.0","0.33K","4.51%"
"May 03, 2017","5,250.0","4,876.0","5,489.9","4,830.8","0.39K","7.67%"
"May 04, 2017","4,985.0","5,250.0","5,859.0","4,500.0","0.94K","-5.05%"
"May 05, 2017","5,198.0","4,985.0","5,315.1","4,860.3","0.50K","4.27%"
"May 06, 2017","5,211.0","5,198.0","5,300.0","4,960.7","0.27K","0.25%"
"May 07, 2017","5,183.7","5,211.0","5,270.0","5,100.0","0.10K","-0.52%"
"May 08, 2017","5,460.0","5,183.7","5,500.0","5,143.2","0.51K","5.33%"
"May 09, 2017","5,698.0","5,460.0","5,850.0","5,409.0","0.44K","4.36%"
"May 10, 2017","6,000.0","5,698.0","6,150.0","5,660.5","0.44K","5.30%"
"May 11, 2017","6,499.0","6,000.0","6,499.0","5,951.1","0.65K","8.32%"
"May 12, 2017","6,499.0","6,499.0","6,600.0","6,000.0","0.60K","0.00%"
"May 13, 2017","6,499.0","6,499.0","6,560.0","6,204.0","0.19K","0.00%"
"May 14, 2017","6,491.0","6,499.0","6,589.1","6,470.0","0.08K","-0.12%"
"May 15, 2017","6,500.0","6,491.0","6,600.0","6,309.9","0.35K","0.14%"
"May 16, 2017","6,618.0","6,500.0","6,650.0","6,450.0","0.31K","1.82%"
"May 17, 2017","6,550.0","6,618.0","6,900.0","6,465.0","0.64K","-1.03%"
"May 18, 2017","7,197.0","6,550.0","7,350.0","6,550.0","0.67K","9.88%"
"May 19, 2017","7,495.0","7,197.0","7,500.0","7,111.3","0.41K","4.14%"
"May 20, 2017","8,000.0","7,495.0","8,000.0","7,457.0","0.30K","6.74%"
"May 21, 2017","8,020.0","8,000.0","8,080.0","7,925.0","0.20K","0.25%"
"May 22, 2017","9,100.0","8,020.0","9,497.8","8,000.0","0.77K","13.47%"
"May 23, 2017","9,344.1","9,100.0","9,399.9","9,053.0","0.46K","2.68%"
"May 24, 2017","10,255.0","9,344.1","10,600.0","9,211.0","0.74K","9.75%"
"May 25, 2017","10,300.0","10,255.0","14,000.0","4,200.0","1.42K","0.44%"
"May 26, 2017","10,115.0","10,300.0","11,749.0","9,501.0","0.97K","-1.80%"
"May 27, 2017","9,221.0","10,115.0","10,200.0","8,421.0","0.81K","-8.84%"
"May 28, 2017","9,840.0","9,221.0","10,200.0","9,221.0","0.33K","6.71%"
"May 29, 2017","9,920.0","9,840.0","10,000.0","9,607.0","0.41K","0.81%"
"May 30, 2017","9,707.0","9,920.0","10,000.0","9,703.0","0.48K","-2.15%"
"May 31, 2017","9,480.0","9,707.0","9,830.0","9,300.0","0.56K","-2.34%"
"Jun 01, 2017","9,424.9","9,480.0","9,819.0","8,950.0","0.66K","-0.58%"
"Jun 02, 2017","9,000.0","9,424.9","9,599.9","8,500.0","0.62K","-4.51%"
"Jun 03, 2017","9,130.0","9,000.0","9,247.0","8,989.0","0.16K","1.44%"
"Jun 04, 2017","9,025.5","9,130.0","9,247.0","8,900.0","0.16K","-1.14%"
"Jun 05, 2017","9,500.0","9,025.5","9,500.0","9,025.5","0.39K","5.26%"
"Jun 06, 2017","9,942.0","9,500.0","10,130.0","9,442.0","0.60K","4.65%"
"Jun 07, 2017","9,870.0","9,942.0","10,100.0","9,805.0","0.28K","-0.72%"
"Jun 08, 2017","9,800.1","9,870.0","9,938.0","9,683.7","0.33K","-0.71%"
"Jun 09, 2017","9,862.0","9,800.1","9,920.0","9,774.0","0.20K","0.63%"
"Jun 10, 2017","9,978.5","9,862.0","9,999.0","9,862.0","0.12K","1.18%"
"Jun 11, 2017","10,010.0","9,978.5","10,073.0","9,940.0","0.11K","0.32%"
"Jun 12, 2017","9,849.0","10,010.0","10,100.0","9,300.0","0.45K","-1.61%"
"Jun 13, 2017","9,662.9","9,849.0","9,849.0","9,600.0","0.30K","-1.89%"
"Jun 14, 2017","9,488.0","9,662.9","9,780.0","9,212.0","0.39K","-1.81%"
"Jun 15, 2017","8,944.9","9,488.0","9,648.1","8,050.0","0.76K","-5.72%"
"Jun 16, 2017","9,062.1","8,944.9","9,120.0","8,500.0","0.31K","1.31%"
"Jun 17, 2017","9,180.0","9,062.1","9,280.0","9,002.0","0.21K","1.30%"
"Jun 18, 2017","8,860.0","9,180.0","9,230.0","8,800.0","0.14K","-3.49%"
"Jun 19, 2017","8,976.8","8,860.0","9,089.0","8,800.0","0.23K","1.32%"
"Jun 20, 2017","9,302.0","8,976.8","9,495.0","8,815.0","0.35K","3.62%"
"Jun 21, 2017","9,367.9","9,302.0","9,497.0","9,200.0","0.27K","0.71%"
"Jun 22, 2017","9,300.0","9,367.9","9,380.0","9,230.0","0.17K","-0.73%"
"Jun 23, 2017","9,434.0","9,300.0","9,439.0","9,230.0","0.23K","1.44%"
"Jun 24, 2017","9,220.0","9,434.0","9,450.0","9,200.0","0.12K","-2.27%"
"Jun 25, 2017","9,179.9","9,220.0","9,400.0","9,000.0","0.18K","-0.43%"
"Jun 26, 2017","9,147.3","9,179.9","9,300.0","8,515.0","0.53K","-0.36%"
"Jun 27, 2017","9,041.0","9,147.3","9,147.3","8,625.0","0.25K","-1.16%"
"Jun 28, 2017","9,000.0","9,041.0","9,199.0","8,880.0","0.23K","-0.45%"
"Jun 29, 2017","8,951.1","9,000.0","9,069.0","8,881.0","0.15K","-0.54%"
"Jun 30, 2017","8,934.9","8,951.1","9,050.0","8,861.0","0.19K","-0.18%"
"Jul 01, 2017","8,854.0","8,934.9","8,935.0","8,815.9","0.06K","-0.91%"
"Jul 02, 2017","8,890.0","8,854.0","8,892.0","8,721.0","0.08K","0.41%"
"Jul 03, 2017","8,800.0","8,890.0","9,000.0","8,701.0","0.26K","-1.01%"
"Jul 04, 2017","8,828.4","8,800.0","8,899.0","8,710.0","0.25K","0.32%"
"Jul 05, 2017","8,848.0","8,828.4","8,900.0","8,716.0","0.21K","0.22%"
"Jul 06, 2017","8,800.0","8,848.0","8,848.0","8,751.0","0.13K","-0.54%"
"Jul 07, 2017","8,810.0","8,800.0","8,833.0","8,650.0","0.17K","0.11%"
"Jul 08, 2017","8,782.0","8,810.0","8,810.0","8,690.0","0.07K","-0.32%"
"Jul 09, 2017","8,671.0","8,782.0","8,810.0","8,671.0","0.06K","-1.26%"
"Jul 10, 2017","8,158.3","8,671.0","8,700.0","8,000.0","0.33K","-5.91%"
"Jul 11, 2017","7,986.9","8,158.3","8,293.0","7,555.5","0.33K","-2.10%"
"Jul 12, 2017","8,300.0","7,986.9","8,450.0","7,801.0","0.29K","3.92%"
"Jul 13, 2017","8,117.0","8,300.0","8,300.0","8,056.4","0.18K","-2.20%"
"Jul 14, 2017","7,574.8","8,117.0","8,190.1","7,501.0","0.31K","-6.68%"
"Jul 15, 2017","6,523.9","7,574.8","7,700.0","6,102.0","0.40K","-13.87%"
"Jul 16, 2017","5,351.0","6,523.9","6,708.0","5,016.8","0.49K","-17.98%"
"Jul 17, 2017","7,650.0","5,351.0","7,900.0","5,300.0","0.55K","42.96%"
"Jul 18, 2017","7,705.0","7,650.0","7,900.0","7,100.0","0.41K","0.72%"
"Jul 19, 2017","7,597.0","7,705.0","7,980.0","7,566.1","0.28K","-1.40%"
"Jul 20, 2017","9,000.0","7,597.0","9,100.0","7,597.0","0.59K","18.47%"
"Jul 21, 2017","8,746.0","9,000.0","9,020.0","8,400.0","0.36K","-2.82%"
"Jul 22, 2017","8,880.0","8,746.0","9,000.0","8,727.0","0.18K","1.53%"
"Jul 23, 2017","8,899.0","8,880.0","8,998.0","8,700.0","0.09K","0.21%"
"Jul 24, 2017","9,068.0","8,899.0","9,100.0","8,775.0","0.19K","1.90%"
"Jul 25, 2017","8,739.0","9,068.0","9,098.0","8,227.0","0.36K","-3.63%"
"Jul 26, 2017","8,407.0","8,739.0","8,800.0","8,233.0","0.24K","-3.80%"
"Jul 27, 2017","8,747.0","8,407.0","8,800.0","8,351.0","0.23K","4.04%"
"Jul 28, 2017","8,919.0","8,747.0","9,000.0","8,686.0","0.28K","1.97%"
"Jul 29, 2017","8,690.8","8,919.0","8,925.8","8,560.0","0.13K","-2.56%"
"Jul 30, 2017","8,683.2","8,690.8","8,702.8","8,500.0","0.09K","-0.09%"
"Jul 31, 2017","8,701.0","8,683.2","9,000.0","8,470.1","0.26K","0.20%"
"Aug 01, 2017","8,997.0","8,701.0","9,050.0","8,555.5","0.15K","3.40%"
"Aug 02, 2017","8,945.0","8,997.0","9,049.1","8,853.0","0.15K","-0.58%"
"Aug 03, 2017","9,184.0","8,945.0","9,500.0","8,873.1","0.26K","2.67%"
"Aug 04, 2017","9,601.0","9,184.0","9,850.0","9,119.1","0.33K","4.54%"
"Aug 05, 2017","10,600.0","9,601.0","11,000.0","9,601.0","0.55K","10.41%"
"Aug 06, 2017","10,317.8","10,600.0","10,700.0","10,099.0","0.14K","-2.66%"
"Aug 07, 2017","10,850.0","10,317.8","10,897.0","10,220.2","0.34K","5.16%"
"Aug 08, 2017","11,325.0","10,850.0","11,400.0","10,730.0","0.39K","4.38%"
"Aug 09, 2017","11,159.0","11,325.0","11,349.0","10,853.0","0.36K","-1.47%"
"Aug 10, 2017","11,301.0","11,159.0","11,400.0","11,094.3","0.30K","1.27%"
"Aug 11, 2017","12,680.0","11,301.0","12,995.0","11,291.7","0.53K","12.20%"
"Aug 12, 2017","12,596.8","12,680.0","12,900.0","11,800.0","0.32K","-0.66%"
"Aug 13, 2017","13,190.0","12,596.8","13,200.0","12,451.0","0.30K","4.71%"
"Aug 14, 2017","14,369.0","13,190.0","14,998.0","13,017.0","0.66K","8.94%"
"Aug 15, 2017","13,770.0","14,369.0","14,784.0","11,150.0","0.91K","-4.17%"
"Aug 16, 2017","13,964.0","13,770.0","14,299.0","13,300.0","0.39K","1.41%"
"Aug 17, 2017","14,270.0","13,964.0","14,499.0","13,750.0","0.39K","2.19%"
"Aug 18, 2017","14,100.0","14,270.0","14,471.0","13,900.0","0.36K","-1.19%"
"Aug 19, 2017","14,000.0","14,100.0","14,269.0","13,900.0","0.19K","-0.71%"
"Aug 20, 2017","14,070.0","14,000.0","14,107.0","13,935.0","0.05K","0.50%"
"Aug 21, 2017","13,890.0","14,070.0","14,070.0","13,750.0","0.29K","-1.28%"
"Aug 22, 2017","13,932.0","13,890.0","14,299.0","13,000.0","0.47K","0.30%"
"Aug 23, 2017","14,130.0","13,932.0","14,500.0","13,931.0","0.32K","1.42%"
"Aug 24, 2017","14,500.0","14,130.0","14,795.0","14,070.0","0.29K","2.62%"
"Aug 25, 2017","14,840.3","14,500.0","15,000.0","14,500.0","0.35K","2.35%"
"Aug 26, 2017","14,811.0","14,840.3","14,950.0","14,651.0","0.16K","-0.20%"
"Aug 27, 2017","14,908.0","14,811.0","14,949.0","14,710.5","0.12K","0.65%"
"Aug 28, 2017","15,200.0","14,908.0","15,200.0","14,758.0","0.41K","1.96%"
"Aug 29, 2017","16,381.0","15,200.0","16,685.0","15,180.0","0.63K","7.77%"
"Aug 30, 2017","16,927.0","16,477.0","17,100.0","16,300.0","0.39K","3.33%"
"Aug 31, 2017","18,000.0","16,858.0","19,500.0","16,810.0","0.73K","6.34%"
"Sep 01, 2017","18,250.0","18,000.0","18,895.0","17,703.0","0.76K","1.39%"
"Sep 02, 2017","17,395.0","18,158.0","18,600.0","16,555.6","0.69K","-4.68%"
"Sep 03, 2017","17,890.0","17,395.0","18,000.0","17,300.0","0.28K","2.85%"
"Sep 04, 2017","16,980.0","17,890.0","17,900.0","14,451.0","1.10K","-5.09%"
"Sep 05, 2017","16,649.0","17,098.0","17,200.0","15,513.0","0.67K","-1.95%"
"Sep 06, 2017","16,869.0","16,649.0","17,490.1","16,595.7","0.55K","1.32%"
"Sep 07, 2017","16,870.0","16,869.0","16,970.0","16,699.1","0.21K","0.01%"
"Sep 08, 2017","16,190.0","16,870.0","16,901.0","16,020.0","0.60K","-4.03%"
"Sep 09, 2017","16,409.0","16,190.0","16,700.0","16,190.0","0.17K","1.35%"
"Sep 10, 2017","16,255.6","16,409.0","16,648.0","16,011.1","0.20K","-0.94%"
"Sep 11, 2017","15,980.0","16,255.6","16,400.0","15,980.0","0.48K","-1.70%"
"Sep 12, 2017","15,001.0","15,980.0","16,150.0","15,000.0","0.75K","-6.13%"
"Sep 13, 2017","14,199.5","15,001.0","15,290.0","12,850.0","1.12K","-5.34%"
"Sep 14, 2017","12,000.0","14,199.5","14,199.5","11,605.0","1.21K","-15.49%"
"Sep 15, 2017","14,190.0","12,000.0","14,500.0","11,500.0","1.09K","18.25%"
"Sep 16, 2017","14,145.0","14,190.0","14,390.0","13,820.0","0.27K","-0.32%"
"Sep 17, 2017","14,200.0","14,145.0","14,301.8","13,800.0","0.18K","0.39%"
"Sep 18, 2017","15,350.0","14,200.0","15,999.0","14,133.0","0.69K","8.10%"
"Sep 19, 2017","14,350.0","15,350.0","15,500.0","14,139.9","0.50K","-6.51%"
"Sep 20, 2017","14,030.0","14,302.2","14,486.0","14,001.0","0.33K","-2.23%"
"Sep 21, 2017","13,100.0","14,000.0","14,000.0","12,900.0","0.57K","-6.63%"
"Sep 22, 2017","13,170.0","13,100.0","13,500.0","12,900.0","0.34K","0.53%"
"Sep 23, 2017","13,649.1","13,170.0","14,080.0","13,065.0","0.27K","3.64%"
"Sep 24, 2017","13,401.0","13,650.0","13,650.0","13,255.5","0.10K","-1.82%"
"Sep 25, 2017","13,669.0","13,401.0","14,050.0","13,300.0","0.35K","2.00%"
"Sep 26, 2017","13,300.0","13,669.0","13,790.0","13,300.0","0.25K","-2.70%"
"Sep 27, 2017","13,840.0","13,300.0","13,998.0","13,300.0","0.35K","4.06%"
"Sep 28, 2017","13,996.0","13,840.0","14,048.3","13,799.0","0.25K","1.13%"
"Sep 29, 2017","13,900.0","13,996.0","14,000.0","13,712.0","0.22K","-0.69%"
"Sep 30, 2017","14,249.5","13,900.0","14,249.5","13,750.0","0.11K","2.51%"
"Oct 01, 2017","14,420.0","14,250.0","14,489.0","14,110.0","0.10K","1.20%"
"Oct 02, 2017","14,605.0","14,420.0","14,900.0","14,353.2","0.37K","1.28%"
"Oct 03, 2017","14,410.0","14,680.0","14,750.0","14,280.9","0.30K","-1.34%"
"Oct 04, 2017","14,270.0","14,542.6","14,580.0","14,010.0","0.27K","-0.97%"
"Oct 05, 2017","14,400.0","14,270.0","14,550.0","14,065.0","0.28K","0.91%"
"Oct 06, 2017","14,452.0","14,400.0","14,600.0","14,230.0","0.28K","0.36%"
"Oct 07, 2017","14,639.0","14,452.0","14,700.0","14,422.1","0.17K","1.29%"
"Oct 08, 2017","14,950.0","14,639.0","14,985.0","14,550.0","0.18K","2.12%"
"Oct 09, 2017","15,375.0","14,950.0","15,500.0","14,650.0","0.41K","2.84%"
"Oct 10, 2017","15,415.0","15,375.0","15,700.0","15,230.0","0.36K","0.26%"
"Oct 11, 2017","15,898.8","15,415.0","15,909.9","15,300.0","0.25K","3.14%"
"Oct 12, 2017","16,850.0","15,898.8","16,890.0","15,795.0","0.38K","5.98%"
"Oct 13, 2017","17,590.0","16,850.0","17,798.0","16,730.0","0.64K","4.39%"
"Oct 14, 2017","17,649.0","17,590.0","17,770.0","17,420.0","0.30K","0.34%"
"Oct 15, 2017","17,100.0","17,649.0","17,700.0","15,400.0","0.43K","-3.11%"
"Oct 16, 2017","17,440.0","17,100.0","17,450.0","16,800.0","0.28K","1.99%"
"Oct 17, 2017","17,349.0","17,440.0","17,500.0","17,000.0","0.33K","-0.52%"
"Oct 18, 2017","17,100.0","17,349.0","17,400.0","16,512.0","0.45K","-1.44%"
"Oct 19, 2017","17,396.0","17,100.0","17,400.0","16,900.0","0.29K","1.73%"
"Oct 20, 2017","18,140.0","17,396.0","18,500.0","17,022.0","0.59K","4.28%"
"Oct 21, 2017","18,519.0","18,106.0","19,000.0","17,950.0","0.33K","2.09%"
"Oct 22, 2017","18,541.0","18,519.0","18,847.0","18,221.2","0.16K","0.12%"
"Oct 23, 2017","19,090.0","18,680.9","19,090.0","18,421.0","0.44K","2.96%"
"Oct 24, 2017","18,001.0","19,090.0","19,100.0","17,656.0","0.46K","-5.70%"
"Oct 25, 2017","18,500.0","18,498.0","18,500.0","17,659.0","0.35K","2.77%"
"Oct 26, 2017","19,030.0","18,500.0","19,060.0","18,390.0","0.34K","2.86%"
"Oct 27, 2017","19,050.0","19,025.0","19,399.0","18,900.0","0.31K","0.11%"
"Oct 28, 2017","19,267.9","19,050.0","19,323.9","19,050.0","0.11K","1.14%"
"Oct 29, 2017","19,749.0","19,267.9","19,826.9","19,100.0","0.19K","2.50%"
"Oct 30, 2017","20,220.0","19,749.0","20,499.0","19,501.0","0.39K","2.38%"
"Oct 31, 2017","21,950.0","20,220.0","21,972.0","20,206.0","0.61K","8.56%"
"Nov 01, 2017","23,400.0","21,950.0","23,899.0","21,800.0","0.71K","6.61%"
"Nov 02, 2017","23,921.2","23,400.0","24,780.0","23,300.0","0.52K","2.23%"
"Nov 03, 2017","25,419.0","23,921.2","25,980.0","23,808.0","0.59K","6.26%"
"Nov 04, 2017","25,027.0","25,179.0","25,498.0","24,685.1","0.31K","-1.54%"
"Nov 05, 2017","25,520.0","25,027.0","25,700.0","25,000.0","0.19K","1.97%"
"Nov 06, 2017","23,328.0","25,520.0","25,520.0","22,500.0","0.79K","-8.59%"
"Nov 07, 2017","24,152.0","23,328.0","25,155.9","23,112.0","0.51K","3.53%"
"Nov 08, 2017","25,550.0","24,329.0","25,900.0","24,110.2","0.82K","5.79%"
"Nov 09, 2017","25,150.0","25,459.0","25,700.0","25,000.0","0.30K","-1.57%"
"Nov 10, 2017","23,893.9","25,200.0","25,320.0","22,500.0","0.88K","-4.99%"
"Nov 11, 2017","22,695.9","23,893.9","24,249.0","22,300.1","0.63K","-5.01%"
"Nov 12, 2017","21,355.1","22,695.9","23,500.0","19,500.0","0.83K","-5.91%"
"Nov 13, 2017","23,730.0","21,355.1","24,500.0","21,000.0","0.79K","11.12%"
"Nov 14, 2017","23,608.0","23,730.0","24,224.5","23,500.0","0.34K","-0.51%"
"Nov 15, 2017","25,040.0","23,608.0","25,100.0","23,608.0","0.46K","6.07%"
"Nov 16, 2017","26,600.0","25,040.0","26,998.0","24,800.1","0.76K","6.23%"
"Nov 17, 2017","26,789.9","26,600.0","26,940.0","26,000.0","0.42K","0.71%"
"Nov 18, 2017","26,750.0","26,789.9","26,789.9","26,150.0","0.28K","-0.15%"
"Nov 19, 2017","27,500.0","26,750.0","27,600.0","26,412.0","0.27K","2.80%"
"Nov 20, 2017","29,450.0","27,400.0","29,613.0","27,202.0","0.52K","7.09%"
"Nov 21, 2017","29,050.0","29,350.0","29,600.0","28,005.0","0.60K","-1.36%"
"Nov 22, 2017","29,400.0","29,050.0","29,600.0","28,850.0","0.29K","1.20%"
"Nov 23, 2017","29,101.0","29,400.0","29,450.0","29,001.0","0.35K","-1.02%"
"Nov 24, 2017","29,290.0","29,140.0","29,449.0","28,399.0","0.38K","0.65%"
"Nov 25, 2017","31,201.0","29,290.0","31,500.0","29,000.1","0.50K","6.52%"
"Nov 26, 2017","33,374.0","31,220.0","34,910.0","31,150.0","0.73K","6.96%"
"Nov 27, 2017","34,650.0","33,301.0","34,965.0","33,301.0","0.47K","3.82%"
"Nov 28, 2017","37,700.0","34,650.0","38,000.0","34,348.6","0.72K","8.80%"
"Nov 29, 2017","38,992.0","37,650.0","44,979.0","33,500.0","2.58K","3.43%"
"Nov 30, 2017","39,248.0","38,992.0","41,000.0","36,000.0","1.13K","0.66%"
"Dec 01, 2017","40,680.0","39,248.0","41,000.1","37,101.0","0.78K","3.65%"
"Dec 02, 2017","41,800.0","40,680.0","41,997.0","40,600.0","0.34K","2.75%"
"Dec 03, 2017","42,596.0","41,800.0","43,113.4","41,301.0","0.59K","1.90%"
"Dec 04, 2017","42,699.0","42,300.0","42,927.0","42,000.0","0.40K","0.24%"
"Dec 05, 2017","43,888.0","42,699.0","44,000.0","42,160.0","0.53K","2.78%"
"Dec 06, 2017","49,200.0","43,888.0","49,600.0","43,501.1","1.23K","12.10%"
"Dec 07, 2017","56,822.9","49,312.0","57,599.9","45,900.0","1.99K","15.49%"
"Dec 08, 2017","55,999.0","56,700.0","58,076.5","48,550.0","1.42K","-1.45%"
"Dec 09, 2017","51,720.0","55,990.0","56,999.0","48,500.0","1.03K","-7.64%"
"Dec 10, 2017","51,800.0","51,720.0","53,500.0","48,280.0","0.77K","0.15%"
"Dec 11, 2017","55,301.2","52,299.0","57,654.0","51,840.1","0.98K","6.76%"
"Dec 12, 2017","56,000.0","55,600.0","56,846.0","54,500.0","0.72K","1.26%"
"Dec 13, 2017","56,342.0","56,000.0","57,000.0","55,155.0","0.47K","0.61%"
"Dec 14, 2017","58,890.0","56,792.0","58,999.1","56,200.0","0.49K","4.52%"
"Dec 15, 2017","62,601.1","58,830.0","66,500.0","58,500.0","1.14K","6.30%"
"Dec 16, 2017","69,190.0","62,880.0","69,500.0","62,750.0","0.52K","10.53%"
"Dec 17, 2017","69,350.0","69,100.0","69,950.0","66,650.0","0.52K","0.23%"
"Dec 18, 2017","68,710.0","69,150.0","69,899.0","66,800.0","0.59K","-0.92%"
"Dec 19, 2017","67,490.0","68,900.0","69,250.1","62,001.0","0.84K","-1.78%"
"Dec 20, 2017","62,601.0","67,490.0","68,250.0","62,050.0","1.00K","-7.24%"
"Dec 21, 2017","58,790.0","62,601.0","65,400.0","50,000.0","0.96K","-6.09%"
"Dec 22, 2017","49,700.0","58,788.0","59,990.0","29,899.2","1.98K","-15.46%"
"Dec 23, 2017","54,189.0","49,000.0","58,000.0","48,102.0","0.59K","9.03%"
"Dec 24, 2017","51,510.0","53,836.2","54,999.0","47,000.0","0.60K","-4.94%"
"Dec 25, 2017","51,499.0","51,510.0","53,991.0","49,400.0","0.22K","-0.02%"
"Dec 26, 2017","55,600.0","51,499.0","57,000.0","50,997.0","0.56K","7.96%"
"Dec 27, 2017","54,899.0","55,600.0","57,500.0","52,010.0","0.50K","-1.26%"
"Dec 28, 2017","49,999.9","54,899.0","54,900.0","45,500.0","0.73K","-8.92%"
"Dec 29, 2017","50,400.0","49,999.9","52,150.0","48,250.0","0.29K","0.80%"
"Dec 30, 2017","46,500.0","50,400.0","50,500.0","45,101.0","0.44K","-7.74%"
"Dec 31, 2017","48,205.6","46,499.9","49,800.0","45,601.0","0.25K","3.67%"
"Jan 01, 2018","48,850.0","48,205.6","49,181.9","47,500.0","0.11K","1.34%"
"Jan 02, 2018","51,204.0","48,800.0","51,999.0","47,402.0","0.48K","4.82%"
"Jan 03, 2018","53,149.0","51,204.0","53,999.0","50,385.0","0.35K","3.80%"
"Jan 04, 2018","52,465.0","53,149.0","53,600.0","51,000.0","0.35K","-1.29%"
"Jan 05, 2018","56,900.0","52,750.0","57,000.0","52,000.0","0.52K","8.45%"
"Jan 06, 2018","56,506.2","56,900.0","57,000.0","54,500.0","0.26K","-0.69%"
"Jan 07, 2018","55,099.9","56,506.2","56,798.0","54,711.0","0.16K","-2.49%"
"Jan 08, 2018","50,900.0","55,099.9","55,570.0","50,011.0","0.47K","-7.62%"
"Jan 09, 2018","49,397.0","50,900.0","52,900.0","49,000.0","0.33K","-2.95%"
"Jan 10, 2018","50,000.0","49,397.0","50,699.0","47,000.0","0.38K","1.22%"
"Jan 11, 2018","44,499.0","50,000.0","50,200.0","40,001.0","0.54K","-11.00%"
"Jan 12, 2018","45,717.0","44,400.0","47,679.0","41,000.0","0.33K","2.74%"
"Jan 13, 2018","47,239.9","45,767.0","47,450.0","45,221.0","0.14K","3.33%"
"Jan 14, 2018","46,202.0","46,890.0","47,235.0","45,100.0","0.09K","-2.20%"
"Jan 15, 2018","46,148.0","46,202.0","47,450.3","45,600.0","0.17K","-0.12%"
"Jan 16, 2018","38,199.0","46,148.0","46,300.0","32,301.2","1.14K","-17.23%"
"Jan 17, 2018","38,500.0","38,199.0","40,998.0","32,000.1","0.91K","0.79%"
"Jan 18, 2018","39,000.0","38,500.0","41,890.0","36,490.0","0.55K","1.30%"
"Jan 19, 2018","39,400.0","39,000.0","40,800.0","38,001.0","0.30K","1.03%"
"Jan 20, 2018","41,616.0","39,400.0","42,000.0","38,860.0","0.19K","5.62%"
"Jan 21, 2018","38,640.0","41,616.0","41,830.0","38,250.0","0.22K","-7.15%"
"Jan 22, 2018","36,350.0","38,640.0","39,640.0","34,200.0","0.42K","-5.93%"
"Jan 23, 2018","36,076.0","36,350.0","37,960.0","33,600.0","0.32K","-0.75%"
"Jan 24, 2018","36,950.0","36,076.0","37,790.0","35,018.0","0.17K","2.42%"
"Jan 25, 2018","36,798.0","36,950.0","37,570.0","36,400.0","0.14K","-0.41%"
"Jan 26, 2018","35,897.9","36,798.0","37,200.0","35,280.0","0.20K","-2.45%"
"Jan 27, 2018","36,680.0","35,897.9","37,050.0","35,600.0","0.07K","2.18%"
"Jan 28, 2018","37,070.0","36,680.0","38,090.0","36,299.0","0.10K","1.06%"
"Jan 29, 2018","36,000.0","37,070.0","37,200.0","35,800.0","0.17K","-2.89%"
"Jan 30, 2018","32,999.9","36,000.0","36,200.0","32,500.0","0.32K","-8.33%"
"Jan 31, 2018","31,799.0","32,999.9","33,799.0","30,129.0","0.32K","-3.64%"
"Feb 01, 2018","27,694.0","31,799.0","32,300.0","27,000.0","0.67K","-12.91%"
"Feb 02, 2018","28,699.0","27,694.0","32,998.0","19,000.0","1.12K","3.63%"
"Feb 03, 2018","30,229.9","28,699.0","32,998.0","27,750.0","0.29K","5.33%"
"Feb 04, 2018","27,300.0","30,229.9","30,465.0","26,300.0","0.22K","-9.69%"
"Feb 05, 2018","22,700.0","27,300.0","28,100.0","21,550.0","0.72K","-16.85%"
"Feb 06, 2018","24,950.0","22,700.0","25,499.0","20,000.0","0.91K","9.91%"
"Feb 07, 2018","24,650.0","24,950.0","28,900.0","24,151.0","0.63K","-1.20%"
"Feb 08, 2018","27,500.0","24,650.0","28,500.0","24,341.0","0.35K","11.56%"
"Feb 09, 2018","28,390.0","27,500.0","29,100.0","25,600.0","0.32K","3.24%"
"Feb 10, 2018","28,490.0","28,390.0","29,550.0","27,605.0","0.22K","0.35%"
"Feb 11, 2018","27,750.0","28,490.0","28,500.0","27,200.0","0.10K","-2.60%"
"Feb 12, 2018","29,000.0","27,750.0","29,100.0","27,650.0","0.13K","4.50%"
"Feb 13, 2018","28,650.0","29,000.0","29,100.0","28,320.0","0.06K","-1.21%"
"Feb 14, 2018","31,700.0","28,650.0","32,000.3","28,650.0","0.38K","10.65%"
"Feb 15, 2018","33,799.0","31,700.0","34,856.0","31,400.0","0.47K","6.62%"
"Feb 16, 2018","33,750.0","33,799.0","34,094.0","29,970.9","0.19K","-0.14%"
"Feb 17, 2018","37,000.0","33,750.0","37,000.0","33,280.0","0.30K","9.63%"
"Feb 18, 2018","35,699.0","37,000.0","38,043.0","35,000.0","0.34K","-3.52%"
"Feb 19, 2018","37,250.0","35,699.0","37,999.0","35,000.0","0.26K","4.34%"
"Feb 20, 2018","37,788.0","37,250.0","39,500.0","37,250.0","0.38K","1.44%"
"Feb 21, 2018","35,500.0","37,788.0","38,899.0","34,202.0","0.53K","-6.05%"
"Feb 22, 2018","33,355.6","35,500.0","37,200.0","32,000.0","0.35K","-6.04%"
"Feb 23, 2018","34,010.7","33,355.6","35,200.0","32,000.0","0.26K","1.96%"
"Feb 24, 2018","32,350.0","34,010.7","34,899.0","32,000.0","0.12K","-4.88%"
"Feb 25, 2018","32,260.0","32,350.0","33,497.0","31,511.0","0.08K","-0.28%"
"Feb 26, 2018","33,996.9","32,260.0","34,500.0","31,850.0","0.21K","5.38%"
"Feb 27, 2018","35,450.0","33,996.9","35,999.0","33,500.0","0.21K","4.27%"
"Feb 28, 2018","34,500.0","35,450.0","36,100.0","34,012.0","0.18K","-2.68%"
"Mar 01, 2018","35,975.0","34,500.0","36,200.0","34,450.0","0.17K","4.28%"
"Mar 02, 2018","36,201.2","35,975.0","36,500.0","35,642.0","0.15K","0.63%"
"Mar 03, 2018","37,638.0","36,201.2","37,800.0","36,201.2","0.13K","3.97%"
"Mar 04, 2018","37,301.0","37,638.0","37,679.0","36,700.0","0.07K","-0.90%"
"Mar 05, 2018","38,007.1","37,301.0","38,424.0","37,117.0","0.16K","1.89%"
"Mar 06, 2018","35,500.0","38,007.1","38,100.0","35,305.0","0.29K","-6.60%"
"Mar 07, 2018","33,500.0","35,500.0","36,399.0","32,102.0","0.37K","-5.63%"
"Mar 08, 2018","31,200.0","33,500.0","34,500.0","30,990.0","0.27K","-6.87%"
"Mar 09, 2018","31,500.0","31,200.0","32,000.0","28,650.0","0.34K","0.96%"
"Mar 10, 2018","30,334.0","31,500.0","33,289.0","29,945.0","0.16K","-3.70%"
"Mar 11, 2018","30,950.0","30,334.0","32,699.0","29,050.1","0.16K","2.03%"
"Mar 12, 2018","30,840.0","30,950.0","32,500.0","29,701.0","0.19K","-0.36%"
"Mar 13, 2018","30,349.0","30,840.0","31,195.0","29,751.0","0.13K","-1.59%"
"Mar 14, 2018","26,630.0","30,349.0","30,699.1","25,439.0","0.45K","-12.25%"
"Mar 15, 2018","26,893.0","26,630.0","27,900.0","25,000.0","0.26K","0.99%"
"Mar 16, 2018","27,352.0","26,893.0","28,999.0","26,201.0","0.20K","1.71%"
"Mar 17, 2018","26,700.0","27,352.0","27,980.0","25,890.9","0.13K","-2.38%"
"Mar 18, 2018","27,350.0","26,700.0","27,600.0","24,710.9","0.23K","2.43%"
"Mar 19, 2018","28,336.0","27,350.0","29,280.0","26,046.0","0.30K","3.61%"
"Mar 20, 2018","29,609.0","28,336.0","29,980.0","27,700.0","0.21K","4.49%"
"Mar 21, 2018","29,948.9","29,609.0","30,900.0","28,601.0","0.23K","1.15%"
"Mar 22, 2018","29,198.9","29,948.9","30,499.0","28,190.0","0.15K","-2.50%"
"Mar 23, 2018","29,530.0","29,198.9","29,845.6","28,100.0","0.12K","1.13%"
"Mar 24, 2018","29,299.8","29,530.0","29,845.0","29,009.0","0.06K","-0.78%"
"Mar 25, 2018","28,967.7","29,299.8","29,440.0","28,888.5","0.04K","-1.13%"
"Mar 26, 2018","28,100.0","28,967.7","29,300.0","26,515.0","0.28K","-3.00%"
"Mar 27, 2018","27,000.0","28,100.0","28,350.0","26,900.0","0.12K","-3.91%"
"Mar 28, 2018","26,850.0","27,000.0","27,600.0","26,700.0","0.09K","-0.56%"
"Mar 29, 2018","24,676.0","27,000.0","27,279.0","24,400.0","0.29K","-8.10%"
"Mar 30, 2018","23,700.0","24,676.0","24,890.0","23,000.0","0.19K","-3.96%"
"Mar 31, 2018","24,149.6","23,700.0","25,100.0","23,539.6","0.08K","1.90%"
"Apr 01, 2018","23,400.2","24,149.6","24,480.0","23,060.0","0.08K","-3.10%"
"Apr 02, 2018","24,323.0","23,400.2","24,788.0","23,400.2","0.15K","3.94%"
"Apr 03, 2018","25,549.0","24,323.0","27,599.0","24,100.0","0.37K","5.04%"
"Apr 04, 2018","23,776.0","25,549.0","25,765.0","23,112.0","0.23K","-6.94%"
"Apr 05, 2018","23,240.0","23,776.0","24,368.0","22,800.0","0.22K","-2.25%"
"Apr 06, 2018","22,988.0","23,240.0","23,597.0","22,550.0","0.13K","-1.08%"
"Apr 07, 2018","23,582.9","22,988.0","24,161.6","22,771.0","0.09K","2.59%"
"Apr 08, 2018","23,979.6","23,582.9","24,150.0","23,568.6","0.05K","1.68%"
"Apr 09, 2018","23,474.9","23,979.6","24,502.3","23,106.4","0.13K","-2.10%"
"Apr 10, 2018","23,405.0","23,474.9","23,885.7","23,164.7","0.10K","-0.30%"
"Apr 11, 2018","23,900.0","23,405.0","24,299.0","23,400.0","0.10K","2.11%"
"Apr 12, 2018","26,947.9","23,900.0","27,000.0","23,600.0","0.35K","12.75%"
"Apr 13, 2018","26,850.0","26,947.9","28,301.0","26,055.0","0.30K","-0.36%"
"Apr 14, 2018","27,150.0","26,850.0","27,675.0","26,800.0","0.07K","1.12%"
"Apr 15, 2018","28,200.0","27,150.0","28,490.0","27,010.0","0.10K","3.87%"
"Apr 16, 2018","27,350.0","28,200.0","28,450.0","26,900.0","0.13K","-3.01%"
"Apr 17, 2018","27,470.0","27,350.0","27,980.0","27,111.0","0.10K","0.44%"
"Apr 18, 2018","27,765.0","27,470.0","27,939.0","27,216.0","0.11K","1.07%"
"Apr 19, 2018","28,178.9","27,765.0","28,400.0","27,650.0","0.12K","1.49%"
"Apr 20, 2018","30,500.0","28,178.9","30,500.0","28,002.1","0.24K","8.24%"
"Apr 21, 2018","30,090.0","30,500.0","30,500.0","29,316.0","0.12K","-1.34%"
"Apr 22, 2018","30,197.1","30,090.0","30,488.0","29,900.0","0.06K","0.36%"
"Apr 23, 2018","30,797.0","30,197.1","30,890.0","29,980.0","0.13K","1.99%"
"Apr 24, 2018","33,803.0","30,797.0","34,000.0","30,754.0","0.33K","9.76%"
"Apr 25, 2018","31,497.0","33,803.0","34,000.0","30,000.0","0.40K","-6.82%"
"Apr 26, 2018","32,640.0","31,497.0","33,050.0","30,800.0","0.18K","3.63%"
"Apr 27, 2018","31,700.0","32,640.0","32,992.2","31,600.0","0.11K","-2.88%"
"Apr 28, 2018","32,159.0","31,700.0","32,700.0","31,650.0","0.04K","1.45%"
"Apr 29, 2018","32,599.0","32,159.0","32,900.0","32,150.0","0.04K","1.37%"
"Apr 30, 2018","32,430.0","32,599.0","32,870.0","32,204.0","0.08K","-0.52%"
"May 01, 2018","32,020.2","32,430.0","32,650.0","31,790.0","0.06K","-1.26%"
"May 02, 2018","32,470.0","32,020.2","32,799.9","31,800.9","0.10K","1.40%"
"May 03, 2018","34,119.0","32,470.0","34,499.0","32,300.0","0.22K","5.08%"
"May 04, 2018","34,200.1","34,119.0","34,400.0","33,650.0","0.13K","0.24%"
"May 05, 2018","34,518.2","34,200.1","35,300.0","34,009.0","0.14K","0.93%"
"May 06, 2018","34,200.0","34,795.0","34,928.0","33,555.0","0.07K","-0.92%"
"May 07, 2018","33,950.0","34,200.0","34,250.0","33,100.0","0.12K","-0.73%"
"May 08, 2018","33,605.0","33,950.0","34,140.0","33,107.0","0.13K","-1.02%"
"May 09, 2018","33,810.0","33,600.2","34,150.0","33,080.0","0.11K","0.61%"
"May 10, 2018","33,000.0","33,810.0","34,100.0","33,000.0","0.15K","-2.40%"
"May 11, 2018","31,329.0","33,090.0","33,677.0","31,000.0","0.30K","-5.06%"
"May 12, 2018","31,790.0","31,329.0","32,500.0","30,998.2","0.08K","1.47%"
"May 13, 2018","32,690.0","31,790.0","32,948.0","31,520.0","0.04K","2.83%"
"May 14, 2018","32,295.0","32,530.0","32,900.0","31,420.0","0.12K","-1.21%"
"May 15, 2018","32,234.5","32,295.0","32,900.0","31,850.0","0.13K","-0.19%"
"May 16, 2018","31,399.0","32,000.0","32,388.9","31,051.0","0.11K","-2.59%"
"May 17, 2018","30,688.0","31,399.0","31,500.0","30,310.0","0.07K","-2.26%"
"May 18, 2018","31,500.0","30,688.0","31,500.0","30,000.0","0.08K","2.65%"
"May 19, 2018","31,605.0","31,405.0","31,989.0","31,009.0","0.03K","0.33%"
"May 20, 2018","32,140.0","31,605.0","32,499.0","31,469.7","0.04K","1.69%"
"May 21, 2018","31,472.1","32,140.0","32,348.0","31,102.0","0.06K","-2.08%"
"May 22, 2018","29,800.0","31,473.0","31,500.0","29,400.0","0.10K","-5.31%"
"May 23, 2018","28,021.0","29,825.0","30,289.0","27,501.0","0.19K","-5.97%"
"May 24, 2018","28,650.0","28,021.0","28,940.0","27,228.0","0.13K","2.24%"
"May 25, 2018","28,150.0","28,650.0","28,710.0","27,751.0","0.07K","-1.75%"
"May 26, 2018","27,789.6","28,150.0","28,395.0","27,435.0","0.02K","-1.28%"
"May 27, 2018","27,350.1","27,789.6","27,990.0","27,260.0","0.03K","-1.58%"
"May 28, 2018","27,000.0","27,350.1","27,805.0","27,000.0","0.05K","-1.28%"
"May 29, 2018","28,400.0","27,040.0","28,776.2","26,307.0","0.10K","5.19%"
"May 30, 2018","28,018.0","28,400.0","29,000.0","27,700.0","0.08K","-1.35%"
"May 31, 2018","28,249.0","28,018.0","28,599.0","27,780.0","0.05K","0.82%"
"Jun 01, 2018","28,383.0","28,249.0","28,650.0","28,015.0","0.06K","0.47%"
"Jun 02, 2018","28,850.0","28,383.0","29,278.0","28,315.0","0.04K","1.65%"
"Jun 03, 2018","29,080.0","28,850.0","29,387.0","28,808.0","0.03K","0.80%"
"Jun 04, 2018","28,750.0","29,080.0","29,322.7","28,301.0","0.08K","-1.13%"
"Jun 05, 2018","29,000.0","28,750.0","29,301.0","28,215.0","0.09K","0.87%"
"Jun 06, 2018","29,590.0","29,090.0","29,700.0","28,920.0","0.08K","2.03%"
"Jun 07, 2018","29,970.0","29,590.0","30,400.0","29,365.0","0.12K","1.28%"
"Jun 08, 2018","29,160.0","30,000.0","30,304.0","29,151.0","0.11K","-2.70%"
"Jun 09, 2018","29,056.0","29,250.0","29,999.0","29,051.1","0.05K","-0.36%"
"Jun 10, 2018","26,451.0","29,056.0","29,469.0","26,440.0","0.14K","-8.97%"
"Jun 11, 2018","26,601.0","26,451.0","27,798.0","26,000.0","0.20K","0.57%"
"Jun 12, 2018","25,349.0","26,601.0","26,990.0","25,005.0","0.17K","-4.71%"
"Jun 13, 2018","24,070.0","25,349.0","25,350.0","23,651.3","0.20K","-5.05%"
"Jun 14, 2018","26,475.6","24,070.0","26,660.0","24,000.1","0.17K","9.99%"
"Jun 15, 2018","25,140.0","26,475.6","26,475.6","25,100.0","0.09K","-5.04%"
"Jun 16, 2018","25,596.0","25,140.0","25,800.0","25,115.0","0.04K","1.81%"
"Jun 17, 2018","25,590.0","25,596.0","25,649.0","25,302.0","0.01K","-0.02%"
"Jun 18, 2018","26,207.1","25,590.0","26,499.0","25,000.0","0.11K","2.41%"
"Jun 19, 2018","26,200.0","26,207.1","26,450.0","26,000.0","0.08K","-0.03%"
"Jun 20, 2018","26,000.0","26,200.0","26,420.0","25,577.0","0.07K","-0.76%"
"Jun 21, 2018","25,803.0","26,000.0","26,211.0","25,700.0","0.07K","-0.76%"
"Jun 22, 2018","23,690.0","25,803.0","26,155.0","23,100.0","0.19K","-8.19%"
"Jun 23, 2018","24,399.3","23,690.0","24,600.0","23,505.1","0.05K","2.99%"
"Jun 24, 2018","23,650.1","24,399.3","24,399.3","22,780.3","0.06K","-3.07%"
"Jun 25, 2018","24,132.8","23,650.1","24,500.0","23,450.0","0.07K","2.04%"
"Jun 26, 2018","24,000.0","24,132.8","26,499.0","23,507.0","0.13K","-0.55%"
"Jun 27, 2018","24,030.0","24,000.0","24,150.0","23,589.2","0.09K","0.13%"
"Jun 28, 2018","23,129.4","24,030.0","24,199.0","22,647.0","0.09K","-3.75%"
"Jun 29, 2018","24,043.4","23,129.4","24,251.1","22,802.0","0.10K","3.95%"
"Jun 30, 2018","24,849.0","24,043.4","25,000.0","24,040.0","0.07K","3.35%"
"Jul 01, 2018","24,800.0","24,849.0","24,900.0","24,365.0","0.04K","-0.20%"
"Jul 02, 2018","25,800.3","24,800.0","26,389.0","24,500.0","0.15K","4.03%"
"Jul 03, 2018","25,700.0","25,720.1","26,190.0","25,480.0","0.08K","-0.39%"
"Jul 04, 2018","26,000.0","25,586.0","26,453.0","25,000.0","0.15K","1.17%"
"Jul 05, 2018","25,938.0","26,000.0","26,180.0","25,520.0","0.09K","-0.24%"
"Jul 06, 2018","25,900.0","25,938.0","26,120.0","25,701.0","0.07K","-0.15%"
"Jul 07, 2018","26,250.0","25,900.0","26,297.8","25,732.0","0.04K","1.35%"
"Jul 08, 2018","26,000.0","26,250.0","26,280.0","25,900.0","0.02K","-0.95%"
"Jul 09, 2018","26,146.0","26,000.0","26,500.0","25,900.0","0.09K","0.56%"
"Jul 10, 2018","25,000.0","26,145.0","26,300.0","24,717.3","0.15K","-4.38%"
"Jul 11, 2018","25,200.0","25,098.0","25,494.3","24,730.1","0.10K","0.80%"
"Jul 12, 2018","24,398.1","25,200.0","25,281.0","23,801.0","0.15K","-3.18%"
"Jul 13, 2018","24,356.0","24,398.1","24,600.0","24,251.0","0.09K","-0.17%"
"Jul 14, 2018","24,370.0","24,356.0","24,599.8","24,305.0","0.02K","0.06%"
"Jul 15, 2018","24,780.3","24,370.0","25,000.0","24,366.0","0.03K","1.68%"
"Jul 16, 2018","25,871.0","24,780.3","26,000.0","24,550.0","0.14K","4.40%"
"Jul 17, 2018","27,949.0","25,871.0","28,497.0","25,601.0","0.31K","8.03%"
"Jul 18, 2018","28,306.0","27,949.0","29,323.0","27,500.0","0.26K","1.28%"
"Jul 19, 2018","28,813.1","28,306.0","29,200.0","28,000.0","0.11K","1.79%"
"Jul 20, 2018","28,572.8","28,813.1","29,138.0","28,268.0","0.12K","-0.83%"
"Jul 21, 2018","28,597.5","28,572.8","28,798.0","28,001.0","0.04K","0.09%"
"Jul 22, 2018","28,639.0","28,551.0","28,900.0","28,471.1","0.03K","0.15%"
"Jul 23, 2018","29,625.0","28,639.0","29,842.0","28,303.9","0.16K","3.44%"
"Jul 24, 2018","31,900.0","29,698.0","31,900.0","29,600.0","0.27K","7.68%"
"Jul 25, 2018","30,793.0","31,900.0","31,989.0","30,100.0","0.20K","-3.47%"
"Jul 26, 2018","29,854.0","30,793.0","31,300.0","29,149.0","0.18K","-3.05%"
"Jul 27, 2018","30,510.0","29,854.0","31,150.0","29,200.0","0.15K","2.20%"
"Jul 28, 2018","30,869.0","30,510.0","30,900.0","30,510.0","0.03K","1.18%"
"Jul 29, 2018","30,720.0","30,869.0","30,999.0","30,521.0","0.02K","-0.48%"
"Jul 30, 2018","30,625.3","30,720.0","31,000.0","30,000.0","0.11K","-0.31%"
"Jul 31, 2018","29,490.1","30,625.3","30,910.0","29,200.0","0.15K","-3.71%"
"Aug 01, 2018","28,904.1","29,490.1","29,560.0","28,609.7","0.13K","-1.99%"
"Aug 02, 2018","29,006.0","28,904.1","29,780.0","28,600.0","0.09K","0.35%"
"Aug 03, 2018","28,588.9","29,006.0","29,021.0","28,053.0","0.13K","-1.44%"
"Aug 04, 2018","27,060.0","28,588.9","28,800.0","26,838.0","0.10K","-5.35%"
"Aug 05, 2018","27,369.0","27,060.0","27,600.0","26,875.1","0.04K","1.14%"
"Aug 06, 2018","26,770.0","27,369.0","28,000.0","26,200.0","0.14K","-2.19%"
"Aug 07, 2018","26,140.0","26,770.0","27,300.0","25,612.0","0.18K","-2.35%"
"Aug 08, 2018","25,400.0","26,140.0","26,140.0","24,100.0","0.33K","-2.83%"
"Aug 09, 2018","25,600.0","25,400.0","25,988.0","24,500.0","0.19K","0.79%"
"Aug 10, 2018","24,819.0","25,600.0","26,090.0","24,500.0","0.16K","-3.05%"
"Aug 11, 2018","25,068.0","24,800.0","25,500.0","24,450.0","0.04K","1.00%"
"Aug 12, 2018","25,160.0","25,068.0","25,400.0","24,900.0","0.02K","0.37%"
"Aug 13, 2018","24,930.0","25,160.0","25,793.0","24,660.0","0.09K","-0.91%"
"Aug 14, 2018","24,598.0","24,930.0","25,600.0","23,999.0","0.26K","-1.33%"
"Aug 15, 2018","25,200.0","24,598.0","25,998.0","24,432.0","0.18K","2.45%"
"Aug 16, 2018","25,436.0","25,200.0","25,600.0","24,718.0","0.10K","0.94%"
"Aug 17, 2018","25,861.0","25,436.0","25,990.0","25,195.9","0.09K","1.67%"
"Aug 18, 2018","25,780.0","25,861.0","26,000.0","25,451.0","0.04K","-0.31%"
"Aug 19, 2018","25,898.9","25,780.0","25,899.0","25,561.0","0.02K","0.46%"
"Aug 20, 2018","25,677.8","25,898.9","25,950.0","25,507.0","0.09K","-0.85%"
"Aug 21, 2018","26,096.0","25,510.0","26,100.0","25,510.0","0.08K","1.63%"
"Aug 22, 2018","25,592.3","26,096.0","27,500.0","25,569.0","0.18K","-1.93%"
"Aug 23, 2018","26,350.0","25,592.3","26,782.7","25,550.0","0.08K","2.96%"
"Aug 24, 2018","27,016.0","26,351.0","27,275.0","26,275.0","0.11K","2.53%"
"Aug 25, 2018","27,100.0","27,016.0","27,456.6","26,903.4","0.05K","0.31%"
"Aug 26, 2018","26,829.0","27,100.0","27,200.0","26,600.0","0.03K","-1.00%"
"Aug 27, 2018","27,698.9","26,829.0","27,750.0","26,645.0","0.12K","3.24%"
"Aug 28, 2018","28,940.0","27,698.9","29,235.0","27,530.0","0.23K","4.48%"
"Aug 29, 2018","29,066.9","28,713.0","29,500.0","28,218.0","0.18K","0.44%"
"Aug 30, 2018","28,815.0","29,066.9","29,100.0","28,234.0","0.12K","-0.87%"
"Aug 31, 2018","29,040.0","28,815.0","29,399.0","28,549.0","0.12K","0.78%"
"Sep 01, 2018","29,101.0","29,040.0","29,348.0","28,780.5","0.06K","0.21%"
"Sep 02, 2018","29,199.0","29,101.0","29,299.5","28,900.0","0.03K","0.34%"
"Sep 03, 2018","30,060.0","29,199.0","30,540.0","28,800.0","0.24K","2.95%"
"Sep 04, 2018","30,698.0","30,060.0","31,020.0","29,900.1","0.20K","2.12%"
"Sep 05, 2018","28,300.0","30,799.0","30,998.0","28,300.0","0.25K","-7.81%"
"Sep 06, 2018","27,775.0","28,400.0","29,000.0","26,850.0","0.25K","-1.86%"
"Sep 07, 2018","27,222.1","27,775.0","27,910.0","27,101.0","0.06K","-1.99%"
"Sep 08, 2018","26,531.0","27,222.1","27,380.0","26,500.0","0.06K","-2.54%"
"Sep 09, 2018","26,930.0","26,531.0","27,600.0","26,309.0","0.06K","1.50%"
"Sep 10, 2018","26,645.0","26,930.0","27,470.0","26,002.0","0.13K","-1.06%"
"Sep 11, 2018","26,615.0","26,645.0","26,850.0","26,243.0","0.10K","-0.11%"
"Sep 12, 2018","26,824.0","26,615.0","26,996.1","26,252.0","0.14K","0.79%"
"Sep 13, 2018","27,492.6","26,814.0","27,899.0","26,814.0","0.15K","2.49%"
"Sep 14, 2018","27,650.0","27,488.1","27,800.0","27,361.0","0.07K","0.57%"
"Sep 15, 2018","27,430.0","27,650.0","27,700.0","27,402.0","0.03K","-0.80%"
"Sep 16, 2018","27,259.0","27,430.0","27,597.0","27,100.0","0.02K","-0.62%"
"Sep 17, 2018","26,490.0","27,259.0","27,489.0","26,350.0","0.14K","-2.82%"
"Sep 18, 2018","27,000.0","26,570.0","27,290.0","26,300.0","0.12K","1.93%"
"Sep 19, 2018","26,752.0","27,000.0","27,100.0","26,000.0","0.17K","-0.92%"
"Sep 20, 2018","26,901.0","26,750.0","27,051.0","26,524.0","0.09K","0.56%"
"Sep 21, 2018","27,320.0","26,901.0","27,700.0","26,770.0","0.15K","1.56%"
"Sep 22, 2018","27,229.4","27,320.0","27,650.0","27,000.0","0.03K","-0.33%"
"Sep 23, 2018","27,338.1","27,229.4","27,349.0","27,052.5","0.01K","0.40%"
"Sep 24, 2018","27,545.0","27,338.1","27,683.0","26,851.0","0.10K","0.76%"
"Sep 25, 2018","26,706.0","27,545.0","27,545.0","26,500.0","0.17K","-3.05%"
"Sep 26, 2018","26,760.0","26,706.0","27,200.0","26,612.3","0.11K","0.20%"
"Sep 27, 2018","26,950.0","26,760.0","27,196.0","26,545.0","0.11K","0.71%"
"Sep 28, 2018","26,951.0","27,090.0","27,294.0","26,700.0","0.10K","0.00%"
"Sep 29, 2018","26,820.0","26,951.0","27,100.0","26,701.2","0.02K","-0.49%"
"Sep 30, 2018","26,730.1","26,820.0","26,999.9","26,712.0","0.02K","-0.34%"
"Oct 01, 2018","27,054.0","26,730.1","27,100.0","26,688.1","0.11K","1.21%"
"Oct 02, 2018","26,548.0","27,054.0","27,100.0","26,066.0","0.17K","-1.87%"
"Oct 03, 2018","25,808.0","26,352.0","26,548.0","25,262.2","0.20K","-2.79%"
"Oct 04, 2018","25,883.1","25,808.0","26,400.0","25,612.0","0.10K","0.29%"
"Oct 05, 2018","26,060.2","25,883.1","26,300.0","25,711.1","0.10K","0.68%"
"Oct 06, 2018","25,870.0","26,060.2","26,260.0","25,850.0","0.02K","-0.73%"
"Oct 07, 2018","25,695.0","25,870.0","26,300.0","25,540.0","0.03K","-0.68%"
"Oct 08, 2018","25,680.0","25,695.0","25,940.0","25,200.0","0.16K","-0.06%"
"Oct 09, 2018","25,231.5","25,680.0","25,881.1","25,000.0","0.14K","-1.75%"
"Oct 10, 2018","25,280.0","25,231.5","25,600.0","24,900.0","0.15K","0.19%"
"Oct 11, 2018","23,815.0","25,141.0","25,280.0","23,623.3","0.33K","-5.80%"
"Oct 12, 2018","24,062.8","23,815.0","24,190.0","23,710.0","0.05K","1.04%"
"Oct 13, 2018","24,090.0","24,062.8","24,124.0","23,700.0","0.02K","0.11%"
"Oct 14, 2018","24,068.9","24,090.0","24,095.0","23,536.9","0.04K","-0.09%"
"Oct 15, 2018","24,498.0","23,862.0","25,495.0","23,803.5","0.19K","1.78%"
"Oct 16, 2018","24,320.2","24,498.0","24,600.0","24,100.0","0.10K","-0.73%"
"Oct 17, 2018","24,299.0","24,400.0","24,549.0","24,101.0","0.09K","-0.09%"
"Oct 18, 2018","24,457.6","24,299.0","24,499.0","24,125.0","0.08K","0.65%"
"Oct 19, 2018","24,189.0","24,457.6","24,480.0","23,820.0","0.08K","-1.10%"
"Oct 20, 2018","24,091.0","24,189.0","24,289.0","24,000.0","0.02K","-0.41%"
"Oct 21, 2018","24,100.0","24,091.0","24,288.7","24,060.0","0.01K","0.04%"
"Oct 22, 2018","23,908.2","24,195.0","24,398.0","23,900.0","0.13K","-0.80%"
"Oct 23, 2018","24,046.0","23,908.2","24,300.0","23,650.0","0.09K","0.58%"
"Oct 24, 2018","24,225.0","24,045.5","24,400.0","23,500.0","0.12K","0.74%"
"Oct 25, 2018","24,002.5","24,225.0","24,396.0","23,903.0","0.07K","-0.92%"
"Oct 26, 2018","23,800.2","24,003.0","24,274.0","23,700.0","0.07K","-0.84%"
"Oct 27, 2018","23,608.0","23,800.2","23,999.0","23,601.0","0.02K","-0.81%"
"Oct 28, 2018","23,213.2","23,610.0","23,757.8","23,213.2","0.02K","-1.67%"
"Oct 29, 2018","23,494.8","23,213.2","23,650.0","22,200.0","0.17K","1.21%"
"Oct 30, 2018","23,450.0","23,400.0","23,690.0","23,000.0","0.08K","-0.19%"
"Oct 31, 2018","23,800.0","23,450.0","24,000.0","23,270.5","0.10K","1.49%"
"Nov 01, 2018","23,963.0","23,800.0","24,000.0","22,200.0","0.11K","0.68%"
"Nov 02, 2018","23,750.0","23,963.0","23,964.9","23,345.9","0.02K","-0.89%"
"Nov 03, 2018","23,400.0","23,750.0","23,750.0","23,352.0","0.02K","-1.47%"
"Nov 04, 2018","23,598.0","23,400.0","23,790.0","23,090.0","0.04K","0.85%"
"Nov 05, 2018","24,150.0","23,599.0","24,229.3","23,301.0","0.17K","2.34%"
"Nov 06, 2018","24,202.0","24,150.0","24,500.0","23,600.0","0.14K","0.22%"
"Nov 07, 2018","24,740.0","24,295.0","24,884.0","24,202.0","0.12K","2.22%"
"Nov 08, 2018","24,451.0","24,651.0","24,800.0","24,200.0","0.10K","-1.17%"
"Nov 09, 2018","24,190.1","24,450.0","24,450.0","24,000.0","0.08K","-1.07%"
"Nov 10, 2018","24,282.0","24,190.1","24,300.0","24,000.0","0.02K","0.38%"
"Nov 11, 2018","24,130.0","24,282.0","24,299.0","24,005.0","0.02K","-0.63%"
"Nov 12, 2018","24,050.0","24,130.0","24,310.0","24,000.0","0.08K","-0.33%"
"Nov 13, 2018","24,298.0","24,050.0","24,446.0","23,956.2","0.08K","1.03%"
"Nov 14, 2018","21,999.0","24,298.0","24,300.0","21,500.0","0.27K","-9.46%"
"Nov 15, 2018","21,100.0","21,999.0","22,297.0","20,178.7","0.12K","-4.09%"
"Nov 16, 2018","21,050.0","21,100.0","22,300.0","20,450.0","0.15K","-0.24%"
"Nov 17, 2018","21,129.2","21,050.0","21,400.0","20,801.0","0.04K","0.38%"
"Nov 18, 2018","21,069.5","21,129.2","21,297.0","20,954.0","0.03K","-0.28%"
"Nov 19, 2018","18,105.0","21,069.5","21,150.0","17,803.0","0.29K","-14.07%"
"Nov 20, 2018","15,790.0","18,248.5","19,000.0","15,550.0","0.38K","-12.79%"
"Nov 21, 2018","17,750.0","15,790.0","18,300.0","15,207.0","0.28K","12.41%"
"Nov 22, 2018","17,200.0","17,770.0","18,198.0","17,000.0","0.27K","-3.10%"
"Nov 23, 2018","16,750.0","17,000.0","17,697.0","16,470.0","0.24K","-2.62%"
"Nov 24, 2018","14,912.0","16,750.0","16,921.0","14,202.0","0.24K","-10.97%"
"Nov 25, 2018","15,071.3","14,902.0","16,000.0","13,900.0","0.21K","1.07%"
"Nov 26, 2018","14,800.0","15,071.3","15,799.0","14,200.0","0.29K","-1.80%"
"Nov 27, 2018","14,830.0","14,800.0","15,100.0","14,329.0","0.22K","0.20%"
"Nov 28, 2018","16,669.5","14,825.0","17,000.0","14,825.0","0.34K","12.40%"
"Nov 29, 2018","16,700.0","16,669.5","17,486.0","16,066.0","0.26K","0.18%"
"Nov 30, 2018","15,600.0","16,700.0","16,700.0","15,027.0","0.21K","-6.59%"
"Dec 01, 2018","16,127.1","15,600.0","16,700.0","15,385.0","0.10K","3.38%"
"Dec 02, 2018","16,149.3","16,127.1","16,499.0","15,800.0","0.06K","0.14%"
"Dec 03, 2018","14,978.0","16,149.3","16,200.0","14,850.0","0.26K","-7.25%"
"Dec 04, 2018","15,076.3","14,978.0","15,499.0","14,701.0","0.19K","0.66%"
"Dec 05, 2018","14,622.0","15,076.3","15,497.0","14,512.0","0.19K","-3.01%"
"Dec 06, 2018","13,901.0","14,535.0","14,920.0","13,900.0","0.23K","-4.93%"
"Dec 07, 2018","13,315.3","13,901.0","14,050.0","12,544.0","0.37K","-4.21%"
"Dec 08, 2018","13,341.0","13,315.3","13,501.0","13,000.8","0.07K","0.19%"
"Dec 09, 2018","13,761.0","13,341.0","14,100.0","13,151.0","0.07K","3.15%"
"Dec 10, 2018","13,532.0","13,761.0","14,195.0","13,407.0","0.27K","-1.66%"
"Dec 11, 2018","13,487.6","13,532.0","13,822.0","13,117.1","0.20K","-0.33%"
"Dec 12, 2018","13,402.0","13,487.6","13,632.0","13,262.0","0.18K","-0.63%"
"Dec 13, 2018","13,100.0","13,402.0","13,684.0","12,909.0","0.21K","-2.25%"
"Dec 14, 2018","12,700.0","13,021.0","13,160.0","12,600.0","0.21K","-3.05%"
"Dec 15, 2018","12,687.9","12,651.0","12,860.0","12,501.0","0.06K","-0.10%"
"Dec 16, 2018","12,602.5","12,687.9","12,797.5","12,511.1","0.04K","-0.67%"
"Dec 17, 2018","13,740.7","12,602.5","13,995.0","12,501.0","0.31K","9.03%"
"Dec 18, 2018","14,669.0","13,740.7","15,000.0","13,460.0","0.23K","6.76%"
"Dec 19, 2018","14,800.0","14,669.0","16,000.0","14,340.0","0.48K","0.89%"
"Dec 20, 2018","15,805.0","14,800.0","16,445.0","14,540.0","0.41K","6.79%"
"Dec 21, 2018","15,550.2","15,805.0","16,788.0","15,000.0","0.38K","-1.61%"
"Dec 22, 2018","15,600.1","15,550.2","15,800.0","15,080.0","0.09K","0.32%"
"Dec 23, 2018","15,643.0","15,689.2","15,990.0","15,455.0","0.08K","0.27%"
"Dec 24, 2018","16,066.0","15,700.0","16,966.5","15,550.0","0.21K","2.70%"
"Dec 25, 2018","15,536.5","16,066.0","17,000.0","15,000.0","0.17K","-3.30%"
"Dec 26, 2018","15,337.8","15,536.5","15,800.0","14,802.0","0.21K","-1.28%"
"Dec 27, 2018","14,450.0","15,337.8","15,888.0","14,305.0","0.30K","-5.79%"
"Dec 28, 2018","15,433.0","14,479.0","15,650.0","14,301.0","0.26K","6.80%"
"Dec 29, 2018","15,114.0","15,400.0","15,950.0","15,020.0","0.09K","-2.07%"
"Dec 30, 2018","15,394.5","15,114.0","15,400.0","15,000.0","0.03K","1.86%"
"Dec 31, 2018","14,882.0","15,394.5","15,394.5","14,760.0","0.10K","-3.33%"
"Jan 01, 2019","15,200.0","14,884.0","15,200.0","14,790.0","0.03K","2.14%"
"Jan 02, 2019","15,108.1","15,201.0","15,359.9","14,900.0","0.20K","-0.60%"
"Jan 03, 2019","14,750.0","15,108.0","15,387.0","14,485.0","0.32K","-2.37%"
"Jan 04, 2019","14,718.7","14,750.0","15,197.0","14,250.0","0.23K","-0.21%"
"Jan 05, 2019","14,615.4","14,718.7","15,188.0","14,554.0","0.06K","-0.70%"
"Jan 06, 2019","15,081.0","14,615.4","15,230.0","14,499.0","0.08K","3.19%"
"Jan 07, 2019","15,200.0","15,081.0","15,300.0","14,900.0","0.14K","0.79%"
"Jan 08, 2019","15,169.7","15,112.0","15,499.0","15,021.1","0.23K","-0.20%"
"Jan 09, 2019","15,214.8","15,169.7","15,447.6","14,930.0","0.26K","0.30%"
"Jan 10, 2019","13,811.0","15,214.8","15,343.0","13,500.0","0.36K","-9.23%"
"Jan 11, 2019","13,932.9","13,811.0","14,394.0","13,700.0","0.30K","0.88%"
"Jan 12, 2019","13,890.0","13,932.9","14,299.9","13,760.4","0.07K","-0.31%"
"Jan 13, 2019","13,495.0","13,890.0","13,980.0","13,221.8","0.08K","-2.84%"
"Jan 14, 2019","14,170.0","13,495.0","14,566.0","13,256.0","0.26K","5.00%"
"Jan 15, 2019","13,645.0","14,170.0","14,566.0","13,590.0","0.35K","-3.71%"
"Jan 16, 2019","13,696.0","13,617.2","14,369.0","13,616.5","0.24K","0.37%"
"Jan 17, 2019","13,766.5","13,696.0","14,100.0","13,502.0","0.21K","0.51%"
"Jan 18, 2019","13,801.0","13,766.5","14,085.0","13,625.3","0.21K","0.25%"
"Jan 19, 2019","14,000.0","13,801.0","14,100.0","13,772.0","0.06K","1.44%"
"Jan 20, 2019","13,572.0","14,050.0","14,079.0","13,531.5","0.08K","-3.06%"
"Jan 21, 2019","13,600.0","13,669.3","13,739.2","13,500.0","0.09K","0.21%"
"Jan 22, 2019","13,848.0","13,645.0","13,948.0","13,506.0","0.22K","1.82%"
"Jan 23, 2019","13,588.3","13,782.9","13,950.0","13,522.0","0.16K","-1.88%"
"Jan 24, 2019","13,656.6","13,588.3","13,760.0","13,501.0","0.14K","0.50%"
"Jan 25, 2019","13,528.1","13,656.6","13,728.0","13,500.0","0.17K","-0.94%"
"Jan 26, 2019","13,543.0","13,528.1","13,699.0","13,528.1","0.02K","0.11%"
"Jan 27, 2019","13,415.0","13,588.0","13,600.0","13,305.7","0.05K","-0.95%"
"Jan 28, 2019","13,100.0","13,415.0","13,495.5","12,901.0","0.20K","-2.35%"
"Jan 29, 2019","12,838.0","13,100.0","13,199.3","12,737.0","0.25K","-2.00%"
"Jan 30, 2019","12,955.0","12,838.0","13,150.0","12,705.0","0.19K","0.91%"
"Jan 31, 2019","12,747.2","12,955.0","12,955.0","12,500.3","0.25K","-1.60%"
"Feb 01, 2019","12,650.0","12,747.2","12,837.0","12,502.0","0.19K","-0.76%"
"Feb 02, 2019","12,700.0","12,650.0","12,770.0","12,600.0","0.04K","0.40%"
"Feb 03, 2019","12,570.0","12,705.0","12,725.5","12,510.0","0.03K","-1.02%"
"Feb 04, 2019","12,579.0","12,570.0","12,750.0","12,460.3","0.20K","0.07%"
"Feb 05, 2019","12,710.0","12,579.0","13,000.0","12,510.5","0.33K","1.04%"
"Feb 06, 2019","12,660.1","12,710.0","12,830.0","12,550.0","0.25K","-0.39%"
"Feb 07, 2019","12,695.0","12,660.1","12,769.0","12,580.0","0.16K","0.28%"
"Feb 08, 2019","13,400.0","12,695.0","13,945.0","12,600.0","0.38K","5.55%"
"Feb 09, 2019","13,400.0","13,400.0","13,539.4","13,311.0","0.07K","0.00%"
"Feb 10, 2019","13,410.3","13,333.3","13,577.0","13,300.0","0.05K","0.08%"
"Feb 11, 2019","13,770.9","13,410.3","13,900.0","13,321.0","0.26K","2.69%"
"Feb 12, 2019","13,570.0","13,770.9","13,900.0","13,500.0","0.29K","-1.46%"
"Feb 13, 2019","13,650.0","13,530.0","13,900.0","13,490.0","0.31K","0.59%"
"Feb 14, 2019","13,450.0","13,650.0","13,797.9","13,450.0","0.27K","-1.47%"
"Feb 15, 2019","13,437.0","13,450.0","13,643.0","13,320.0","0.22K","-0.10%"
"Feb 16, 2019","13,605.1","13,437.0","13,695.0","13,419.0","0.06K","1.25%"
"Feb 17, 2019","13,567.6","13,680.0","13,680.0","13,471.9","0.04K","-0.28%"
"Feb 18, 2019","14,560.7","13,567.6","14,949.0","13,490.0","0.42K","7.32%"
"Feb 19, 2019","14,630.1","14,560.7","14,924.9","14,422.0","0.29K","0.48%"
"Feb 20, 2019","14,950.0","14,630.1","15,100.0","14,552.0","0.33K","2.19%"
"Feb 21, 2019","14,875.0","14,950.0","15,100.0","14,800.0","0.27K","-0.50%"
"Feb 22, 2019","15,000.0","14,875.0","15,094.0","14,861.5","0.20K","0.84%"
"Feb 23, 2019","15,387.5","15,000.0","15,497.0","14,860.7","0.11K","2.58%"
"Feb 24, 2019","14,475.0","15,387.5","15,497.0","14,300.0","0.12K","-5.93%"
"Feb 25, 2019","14,572.0","14,475.0","14,789.0","14,265.0","0.25K","0.67%"
"Feb 26, 2019","14,557.0","14,572.0","14,746.0","14,342.0","0.27K","-0.10%"
"Feb 27, 2019","14,429.0","14,557.0","14,600.0","14,101.0","0.24K","-0.88%"
"Feb 28, 2019","14,415.3","14,400.0","14,810.0","14,306.0","0.24K","-0.09%"
"Mar 01, 2019","14,706.0","14,415.3","15,000.0","14,385.0","0.28K","2.02%"
"Mar 02, 2019","14,700.0","14,706.0","14,846.9","14,612.0","0.05K","-0.04%"
"Mar 03, 2019","14,697.1","14,647.0","14,800.0","14,560.0","0.02K","-0.02%"
"Mar 04, 2019","14,250.0","14,697.1","14,697.6","14,250.0","0.07K","-3.04%"
"Mar 05, 2019","14,480.8","14,250.0","14,600.0","14,200.0","0.07K","1.62%"
"Mar 06, 2019","14,780.0","14,480.8","15,000.0","14,400.0","0.22K","2.07%"
"Mar 07, 2019","15,234.5","14,850.0","15,300.0","14,730.0","0.26K","3.08%"
"Mar 08, 2019","15,107.8","15,234.5","15,450.0","14,990.8","0.38K","-0.83%"
"Mar 09, 2019","15,400.0","15,107.8","15,400.0","15,103.0","0.07K","1.93%"
"Mar 10, 2019","15,289.0","15,400.0","15,400.0","15,180.6","0.03K","-0.72%"
"Mar 11, 2019","15,020.0","15,289.0","15,329.6","13,800.0","0.31K","-1.76%"
"Mar 12, 2019","14,997.9","15,020.0","15,310.0","14,800.0","0.32K","-0.15%"
"Mar 13, 2019","15,050.0","14,997.9","15,100.0","14,837.0","0.23K","0.35%"
"Mar 14, 2019","15,050.0","15,050.0","15,150.0","14,780.1","0.25K","0.00%"
"Mar 15, 2019","15,196.0","15,050.0","15,243.0","14,985.0","0.27K","0.97%"
"Mar 16, 2019","15,280.0","15,200.0","15,350.0","15,101.0","0.08K","0.55%"
"Mar 17, 2019","15,197.9","15,290.0","15,290.0","15,050.0","0.05K","-0.54%"
"Mar 18, 2019","15,289.0","15,197.9","15,447.0","15,060.0","0.31K","0.60%"
"Mar 19, 2019","15,499.0","15,380.0","15,510.0","15,210.0","0.39K","1.37%"
"Mar 20, 2019","15,500.0","15,499.0","15,500.0","15,295.0","0.29K","0.01%"
"Mar 21, 2019","15,431.0","15,500.0","15,600.0","15,340.0","0.28K","-0.45%"
"Mar 22, 2019","15,945.0","15,431.0","15,980.0","15,410.2","0.25K","3.33%"
"Mar 23, 2019","16,030.0","15,945.0","16,286.0","15,851.0","0.14K","0.53%"
"Mar 24, 2019","15,930.0","16,030.0","16,050.0","15,903.9","0.02K","-0.62%"
"Mar 25, 2019","15,459.0","15,916.0","16,050.0","15,222.0","0.43K","-2.96%"
"Mar 26, 2019","15,579.0","15,459.0","15,600.0","15,200.0","0.27K","0.78%"
"Mar 27, 2019","16,054.0","15,579.0","16,250.0","15,452.4","0.34K","3.05%"
"Mar 28, 2019","15,880.0","16,090.0","16,199.0","15,782.0","0.36K","-1.08%"
"Mar 29, 2019","16,350.0","15,986.0","16,479.9","15,876.0","0.35K","2.96%"
"Mar 30, 2019","16,499.0","16,350.0","16,499.0","16,230.0","0.11K","0.91%"
"Mar 31, 2019","16,493.9","16,499.0","16,649.0","16,370.0","0.08K","-0.03%"
"Apr 01, 2019","16,480.0","16,450.0","16,580.0","16,182.0","0.49K","-0.08%"
"Apr 02, 2019","19,100.1","16,480.0","19,399.0","16,380.0","0.75K","15.90%"
"Apr 03, 2019","19,740.0","19,100.1","20,999.9","18,001.0","0.91K","3.35%"
"Apr 04, 2019","19,199.0","19,740.0","19,950.0","18,765.4","0.51K","-2.74%"
"Apr 05, 2019","19,899.9","19,199.0","19,900.0","19,009.0","0.35K","3.65%"
"Apr 06, 2019","19,911.4","19,899.9","20,350.0","19,657.0","0.19K","0.06%"
"Apr 07, 2019","20,202.0","19,911.4","20,361.7","19,804.9","0.10K","1.46%"
"Apr 08, 2019","20,698.5","20,202.0","20,860.0","20,050.0","0.42K","2.46%"
"Apr 09, 2019","20,498.0","20,698.5","20,899.0","20,351.0","0.48K","-0.97%"
"Apr 10, 2019","20,899.0","20,401.0","21,100.0","20,370.9","0.45K","1.96%"
"Apr 11, 2019","19,833.0","20,899.0","20,900.0","19,501.0","0.57K","-5.10%"
"Apr 12, 2019","20,200.7","19,938.9","20,500.0","19,500.0","0.36K","1.85%"
"Apr 13, 2019","20,067.1","20,200.7","20,449.0","20,015.0","0.07K","-0.66%"
"Apr 14, 2019","20,259.0","20,067.1","20,260.0","19,926.1","0.04K","0.96%"
"Apr 15, 2019","19,922.0","20,249.9","20,400.0","19,600.9","0.38K","-1.66%"
"Apr 16, 2019","20,546.9","19,922.0","20,550.0","19,800.0","0.35K","3.14%"
"Apr 17, 2019","20,957.5","20,546.9","20,957.5","20,253.7","0.40K","2.00%"
"Apr 18, 2019","21,123.0","20,957.5","21,350.0","20,753.0","0.36K","0.79%"
"Apr 19, 2019","21,015.1","21,123.0","21,260.0","20,871.0","0.11K","-0.51%"
"Apr 20, 2019","21,248.0","21,015.1","21,279.7","21,015.1","0.05K","1.11%"
"Apr 21, 2019","21,086.0","21,248.0","21,278.0","21,020.0","0.07K","-0.76%"
"Apr 22, 2019","21,750.9","21,195.0","21,989.0","21,080.0","0.46K","3.15%"
"Apr 23, 2019","22,258.0","21,750.9","22,675.9","21,490.0","0.55K","2.33%"
"Apr 24, 2019","22,215.0","22,258.0","22,570.0","21,789.4","0.54K","-0.19%"
"Apr 25, 2019","21,400.0","22,115.0","22,300.0","21,001.1","0.47K","-3.67%"
"Apr 26, 2019","20,810.2","21,489.9","21,799.0","20,200.0","0.59K","-2.76%"
"Apr 27, 2019","21,253.0","20,810.2","21,799.0","20,614.1","0.24K","2.13%"
"Apr 28, 2019","21,081.9","21,353.3","21,534.8","20,900.0","0.08K","-0.81%"
"Apr 29, 2019","20,946.7","21,081.9","21,500.0","20,459.1","0.45K","-0.64%"
"Apr 30, 2019","21,090.0","20,946.7","21,497.0","20,675.0","0.46K","0.68%"
"May 01, 2019","21,169.0","21,090.0","21,398.0","21,090.0","0.11K","0.37%"
"May 02, 2019","21,900.0","21,169.0","21,998.0","21,100.1","0.47K","3.45%"
"May 03, 2019","22,898.6","21,900.0","23,150.0","21,670.0","0.78K","4.56%"
"May 04, 2019","23,100.0","22,898.6","23,190.0","22,401.0","0.18K","0.88%"
"May 05, 2019","22,930.0","23,100.0","23,170.3","22,850.0","0.08K","-0.74%"
"May 06, 2019","23,020.0","22,930.0","23,125.0","22,650.0","0.36K","0.39%"
"May 07, 2019","23,700.0","23,020.0","24,000.0","22,885.0","0.55K","2.95%"
"May 08, 2019","23,800.0","23,690.0","23,848.0","23,300.0","0.42K","0.42%"
"May 09, 2019","24,800.0","23,800.0","24,900.0","23,700.1","0.42K","4.20%"
"May 10, 2019","25,680.0","24,800.0","25,954.0","24,700.0","0.67K","3.55%"
"May 11, 2019","29,020.0","25,680.0","29,323.7","25,510.0","0.42K","13.01%"
"May 12, 2019","26,310.1","29,098.9","29,098.9","25,100.0","0.44K","-9.34%"
"May 13, 2019","31,799.9","26,310.1","33,300.0","26,180.9","1.23K","20.87%"
"May 14, 2019","32,298.0","31,799.9","33,298.0","30,200.0","0.99K","1.57%"
"May 15, 2019","32,950.0","32,290.0","33,295.0","31,907.0","0.61K","2.02%"
"May 16, 2019","32,300.0","32,950.0","33,390.0","31,750.0","0.58K","-1.97%"
"May 17, 2019","30,800.0","32,300.0","32,400.0","27,508.0","0.98K","-4.64%"
"May 18, 2019","30,240.0","30,800.0","31,000.0","30,017.0","0.13K","-1.82%"
"May 19, 2019","32,470.0","30,240.0","32,700.0","30,240.0","0.34K","7.37%"
"May 20, 2019","32,690.0","32,470.0","33,010.0","31,550.0","0.53K","0.68%"
"May 21, 2019","32,770.0","32,690.0","32,999.0","32,250.0","0.36K","0.24%"
"May 22, 2019","31,721.0","32,770.0","32,900.0","31,500.0","0.46K","-3.20%"
"May 23, 2019","32,099.0","31,721.0","32,399.0","31,050.0","0.34K","1.19%"
"May 24, 2019","32,323.0","32,099.0","32,849.0","31,750.0","0.36K","0.70%"
"May 25, 2019","32,499.0","32,450.0","32,665.0","32,320.0","0.07K","0.54%"
"May 26, 2019","33,755.0","32,598.0","34,000.0","32,200.0","0.35K","3.86%"
"May 27, 2019","35,533.0","33,755.0","35,950.0","33,755.0","0.61K","5.27%"
"May 28, 2019","35,600.0","35,533.0","35,700.0","35,000.0","0.38K","0.19%"
"May 29, 2019","34,980.0","35,480.1","35,600.0","34,900.0","0.39K","-1.74%"
"May 30, 2019","33,962.0","34,980.0","35,800.0","32,803.0","0.68K","-2.91%"
"May 31, 2019","34,742.5","33,962.0","34,788.0","33,200.0","0.46K","2.30%"
"Jun 01, 2019","34,489.1","34,742.5","34,742.5","34,200.0","0.07K","-0.73%"
"Jun 02, 2019","34,647.0","34,489.1","34,850.0","34,201.0","0.07K","0.46%"
"Jun 03, 2019","32,945.0","34,647.0","34,772.0","32,101.0","0.51K","-4.91%"
"Jun 04, 2019","30,060.3","32,945.0","32,950.0","29,501.0","0.92K","-8.76%"
"Jun 05, 2019","31,185.0","30,060.3","31,989.0","30,000.0","0.60K","3.74%"
"Jun 06, 2019","30,551.0","31,185.0","31,197.5","29,500.0","0.38K","-2.03%"
"Jun 07, 2019","31,682.5","30,551.0","31,999.0","30,399.0","0.39K","3.70%"
"Jun 08, 2019","31,498.5","31,682.5","31,890.1","31,000.0","0.11K","-0.58%"
"Jun 09, 2019","30,306.2","31,498.5","31,498.5","30,003.0","0.12K","-3.79%"
"Jun 10, 2019","31,314.1","30,306.2","31,600.0","30,286.6","0.32K","3.33%"
"Jun 11, 2019","31,148.0","31,314.1","31,539.4","30,300.0","0.36K","-0.53%"
"Jun 12, 2019","31,802.0","31,148.0","31,998.0","30,730.0","0.40K","2.10%"
"Jun 13, 2019","32,230.0","31,802.0","32,897.0","31,454.0","0.51K","1.35%"
"Jun 14, 2019","33,729.0","32,220.0","33,990.0","31,900.0","0.44K","4.65%"
"Jun 15, 2019","33,950.0","33,729.0","34,100.0","33,450.0","0.16K","0.66%"
"Jun 16, 2019","34,285.0","33,950.0","35,399.0","33,400.0","0.28K","0.99%"
"Jun 17, 2019","35,878.6","34,295.0","36,000.0","34,018.4","0.69K","4.65%"
"Jun 18, 2019","35,228.0","35,878.6","35,995.0","34,902.0","0.42K","-1.81%"
"Jun 19, 2019","35,800.1","35,228.0","35,850.0","35,200.0","0.31K","1.62%"
"Jun 20, 2019","36,686.0","35,800.0","36,799.0","35,600.0","0.21K","2.47%"
"Jun 21, 2019","39,500.0","36,686.0","39,500.0","36,500.0","0.61K","7.67%"
"Jun 22, 2019","40,123.3","39,499.9","42,950.0","38,000.0","0.95K","1.58%"
"Jun 23, 2019","40,750.0","40,123.3","41,500.0","40,000.0","0.22K","1.56%"
"Jun 24, 2019","42,440.0","40,748.0","42,699.3","40,275.0","0.55K","4.15%"
"Jun 25, 2019","46,200.0","42,325.0","46,500.0","42,320.0","0.84K","8.86%"
"Jun 26, 2019","50,495.0","46,499.0","54,900.0","42,000.0","2.22K","9.30%"
"Jun 27, 2019","43,498.9","50,330.0","51,200.0","40,000.0","1.77K","-13.85%"
"Jun 28, 2019","47,547.0","43,498.9","47,990.0","42,001.1","0.89K","9.31%"
"Jun 29, 2019","45,999.0","47,547.0","47,600.0","44,010.0","0.37K","-3.26%"
"Jun 30, 2019","43,290.0","45,975.0","46,300.0","42,581.0","0.39K","-5.89%"
"Jul 01, 2019","41,500.0","43,290.0","44,198.4","38,202.0","1.06K","-4.13%"
"Jul 02, 2019","41,599.0","41,500.0","42,430.0","38,000.0","0.84K","0.24%"
"Jul 03, 2019","44,802.0","41,599.0","44,990.7","41,255.0","0.88K","7.70%"
"Jul 04, 2019","43,109.1","44,950.0","45,735.1","43,000.0","0.60K","-3.78%"
"Jul 05, 2019","42,650.0","43,109.1","44,499.0","42,245.0","0.50K","-1.07%"
"Jul 06, 2019","43,325.3","42,650.0","44,293.0","42,650.0","0.18K","1.58%"
"Jul 07, 2019","43,854.9","43,325.3","43,990.0","43,000.0","0.07K","1.22%"
"Jul 08, 2019","46,050.0","43,979.1","46,495.0","43,650.1","0.71K","5.01%"
"Jul 09, 2019","47,233.0","46,027.3","47,602.1","46,027.3","0.52K","2.57%"
"Jul 10, 2019","46,385.1","47,232.0","49,800.0","44,102.0","1.17K","-1.80%"
"Jul 11, 2019","43,415.0","46,385.1","46,612.0","42,600.0","0.73K","-6.40%"
"Jul 12, 2019","44,871.5","43,411.1","45,499.0","42,900.0","0.39K","3.35%"
"Jul 13, 2019","43,985.0","44,871.5","44,990.0","42,000.0","0.28K","-1.98%"
"Jul 14, 2019","40,599.0","43,985.0","44,100.0","40,500.0","0.35K","-7.70%"
"Jul 15, 2019","41,990.0","40,599.0","42,300.0","39,001.0","0.62K","3.43%"
"Jul 16, 2019","35,400.0","41,990.0","42,279.0","35,000.0","0.99K","-15.69%"
"Jul 17, 2019","36,920.0","35,400.0","38,500.0","34,300.0","0.79K","4.29%"
"Jul 18, 2019","39,000.0","36,920.0","40,000.0","34,500.0","1.24K","5.63%"
"Jul 19, 2019","38,998.0","38,901.1","39,489.9","38,000.0","0.57K","-0.01%"
"Jul 20, 2019","39,400.0","38,998.0","40,500.0","38,200.0","0.38K","1.03%"
"Jul 21, 2019","39,360.0","39,603.0","39,980.0","39,000.0","0.12K","-0.10%"
"Jul 22, 2019","38,840.0","39,400.0","39,760.0","38,251.1","0.39K","-1.32%"
"Jul 23, 2019","37,900.5","38,551.2","38,840.0","37,500.0","0.41K","-2.42%"
"Jul 24, 2019","37,273.0","37,900.5","37,999.7","36,523.0","0.45K","-1.66%"
"Jul 25, 2019","37,815.0","37,273.0","38,460.0","37,115.0","0.36K","1.45%"
"Jul 26, 2019","37,775.0","37,989.0","37,989.0","37,300.0","0.27K","-0.11%"
"Jul 27, 2019","36,790.0","37,578.0","38,200.0","36,258.0","0.28K","-2.61%"
"Jul 28, 2019","36,555.0","36,790.0","37,363.6","36,051.1","0.10K","-0.64%"
"Jul 29, 2019","36,438.0","36,555.0","36,800.0","36,080.0","0.25K","-0.32%"
"Jul 30, 2019","36,750.0","36,350.0","38,400.0","36,050.0","0.35K","0.86%"
"Jul 31, 2019","38,000.0","36,985.0","38,200.0","36,750.0","0.41K","3.40%"
"Aug 01, 2019","39,400.0","37,850.0","40,000.0","37,800.0","0.50K","3.68%"
"Aug 02, 2019","40,683.0","39,362.0","41,759.0","39,200.0","0.78K","3.26%"
"Aug 03, 2019","41,400.0","40,683.0","41,960.0","40,401.1","0.31K","1.76%"
"Aug 04, 2019","41,644.0","41,350.0","42,000.0","41,045.0","0.19K","0.59%"
"Aug 05, 2019","45,477.0","41,516.0","46,300.0","41,503.0","1.57K","9.20%"
"Aug 06, 2019","45,250.0","45,477.0","46,453.0","44,139.0","1.01K","-0.50%"
"Aug 07, 2019","46,700.0","45,271.7","47,825.0","44,600.0","0.80K","3.20%"
"Aug 08, 2019","46,700.0","46,840.0","46,900.0","45,798.0","0.39K","0.00%"
"Aug 09, 2019","46,649.9","46,600.0","46,700.0","46,150.0","0.25K","-0.11%"
"Aug 10, 2019","45,466.7","46,649.9","46,650.0","45,000.0","0.21K","-2.54%"
"Aug 11, 2019","45,800.0","45,300.0","45,800.0","45,000.0","0.08K","0.73%"
"Aug 12, 2019","45,400.0","45,800.0","46,500.0","45,009.3","0.25K","-0.87%"
"Aug 13, 2019","43,849.0","45,500.0","45,748.6","43,500.0","0.51K","-3.42%"
"Aug 14, 2019","41,788.0","43,739.9","43,850.0","41,050.0","0.55K","-4.70%"
"Aug 15, 2019","41,900.0","41,788.0","43,500.0","40,000.0","0.56K","0.27%"
"Aug 16, 2019","42,135.0","41,900.0","42,490.0","40,550.0","0.37K","0.56%"
"Aug 17, 2019","41,469.9","42,000.0","42,200.0","41,111.1","0.09K","-1.58%"
"Aug 18, 2019","41,850.0","41,469.9","42,100.0","41,251.4","0.06K","0.92%"
"Aug 19, 2019","44,427.0","41,990.3","44,830.0","41,630.0","0.52K","6.16%"
"Aug 20, 2019","43,960.6","44,427.0","44,580.0","43,000.0","0.34K","-1.05%"
"Aug 21, 2019","41,520.0","43,650.0","44,020.9","40,700.0","0.63K","-5.55%"
"Aug 22, 2019","41,178.8","41,331.2","41,920.0","40,310.0","0.32K","-0.82%"
"Aug 23, 2019","42,330.1","41,178.8","42,999.0","41,107.1","0.32K","2.80%"
"Aug 24, 2019","41,667.0","42,350.0","42,478.9","41,220.8","0.12K","-1.57%"
"Aug 25, 2019","41,713.9","41,667.0","42,312.1","41,500.0","0.05K","0.11%"
"Aug 26, 2019","42,656.0","41,713.9","43,100.0","41,569.2","0.44K","2.26%"
"Aug 27, 2019","42,449.0","42,655.0","42,900.0","42,001.0","0.25K","-0.49%"
"Aug 28, 2019","41,330.7","42,254.0","43,200.0","40,800.0","0.46K","-2.63%"
"Aug 29, 2019","40,300.0","41,330.7","41,330.7","40,000.0","0.46K","-2.49%"
"Aug 30, 2019","40,225.1","40,300.0","40,866.0","39,850.0","0.28K","-0.19%"
"Aug 31, 2019","40,424.9","40,400.9","40,900.0","39,964.5","0.08K","0.50%"
"Sep 01, 2019","40,650.0","40,206.0","40,800.0","40,206.0","0.04K","0.56%"
"Sep 02, 2019","42,500.0","40,779.0","43,050.0","40,360.0","0.51K","4.55%"
"Sep 03, 2019","43,747.4","42,502.0","44,500.0","42,100.0","0.79K","2.93%"
"Sep 04, 2019","43,600.0","43,625.0","44,358.7","43,000.0","0.54K","-0.34%"
"Sep 05, 2019","43,795.0","43,600.0","43,970.0","43,300.0","0.22K","0.45%"
"Sep 06, 2019","43,172.7","43,795.0","44,500.0","42,550.0","0.46K","-1.42%"
"Sep 07, 2019","43,171.0","43,172.7","43,445.8","42,807.3","0.06K","-0.00%"
"Sep 08, 2019","42,911.0","43,171.0","43,297.0","42,800.0","0.07K","-0.60%"
"Sep 09, 2019","42,580.0","42,960.0","43,200.0","42,187.0","0.29K","-0.77%"
"Sep 10, 2019","41,901.0","42,580.0","42,856.1","41,500.0","0.32K","-1.59%"
"Sep 11, 2019","41,511.1","41,901.0","42,039.0","41,202.0","0.28K","-0.93%"
"Sep 12, 2019","42,300.0","41,697.0","42,500.0","41,300.0","0.24K","1.90%"
"Sep 13, 2019","42,360.0","42,301.0","42,480.0","41,950.0","0.19K","0.14%"
"Sep 14, 2019","42,201.3","42,280.0","42,400.0","42,120.0","0.05K","-0.37%"
"Sep 15, 2019","42,190.0","42,201.3","42,378.9","42,000.0","0.03K","-0.03%"
"Sep 16, 2019","42,390.0","42,190.0","42,500.0","41,700.0","0.26K","0.47%"
"Sep 17, 2019","42,129.0","42,186.0","42,392.0","41,950.0","0.21K","-0.62%"
"Sep 18, 2019","42,026.1","42,127.0","42,350.0","41,950.0","0.22K","-0.24%"
"Sep 19, 2019","42,300.0","42,026.1","42,824.6","40,800.0","0.39K","0.65%"
"Sep 20, 2019","42,349.0","42,486.9","42,747.9","42,100.0","0.20K","0.12%"
"Sep 21, 2019","42,000.0","42,344.4","42,344.4","41,800.0","0.06K","-0.82%"
"Sep 22, 2019","41,900.0","42,000.0","42,098.0","41,600.0","0.03K","-0.24%"
"Sep 23, 2019","41,197.0","41,900.0","42,000.0","41,021.1","0.24K","-1.68%"
"Sep 24, 2019","37,694.0","41,060.0","41,588.0","36,011.1","0.90K","-8.50%"
"Sep 25, 2019","35,850.0","38,090.0","38,399.0","35,500.0","0.82K","-4.89%"
"Sep 26, 2019","34,458.1","35,809.9","36,173.0","32,550.1","0.68K","-3.88%"
"Sep 27, 2019","34,987.0","34,458.1","35,490.8","33,500.0","0.45K","1.53%"
"Sep 28, 2019","34,798.0","34,900.0","35,200.0","34,374.0","0.12K","-0.54%"
"Sep 29, 2019","34,010.4","34,798.0","34,798.0","33,650.0","0.07K","-2.26%"
"Sep 30, 2019","34,600.0","34,200.0","35,440.0","33,600.4","0.31K","1.73%"
"Oct 01, 2019","35,160.6","34,505.0","36,000.0","34,500.0","0.35K","1.62%"
"Oct 02, 2019","35,150.1","35,200.0","35,500.0","34,599.0","0.23K","-0.03%"
"Oct 03, 2019","34,248.3","35,325.0","35,500.0","33,700.0","0.27K","-2.57%"
"Oct 04, 2019","33,800.0","34,248.3","34,248.3","33,600.0","0.21K","-1.31%"
"Oct 05, 2019","33,450.0","33,720.0","33,924.6","33,000.0","0.07K","-1.04%"
"Oct 06, 2019","32,100.5","33,450.0","33,649.9","32,100.0","0.08K","-4.03%"
"Oct 07, 2019","33,810.0","32,100.5","34,650.0","31,500.0","0.32K","5.33%"
"Oct 08, 2019","33,620.0","33,810.0","34,199.0","33,500.0","0.22K","-0.56%"
"Oct 09, 2019","35,198.7","33,750.0","35,500.0","33,500.0","0.40K","4.70%"
"Oct 10, 2019","35,475.0","35,080.9","35,800.0","34,934.5","0.25K","0.79%"
"Oct 11, 2019","34,463.0","35,480.0","35,619.0","34,200.0","0.21K","-2.85%"
"Oct 12, 2019","34,720.0","34,455.6","35,000.0","34,450.0","0.04K","0.75%"
"Oct 13, 2019","34,648.0","34,720.0","35,300.0","34,365.0","0.07K","-0.21%"
"Oct 14, 2019","34,505.1","34,648.0","34,950.0","34,230.4","0.16K","-0.41%"
"Oct 15, 2019","34,155.0","34,505.1","34,979.7","34,100.1","0.22K","-1.01%"
"Oct 16, 2019","33,800.0","34,300.0","34,500.0","33,500.0","0.18K","-1.04%"
"Oct 17, 2019","33,964.5","33,800.0","34,200.0","33,500.0","0.17K","0.49%"
"Oct 18, 2019","33,150.1","33,719.0","33,950.0","33,060.0","0.16K","-2.40%"
"Oct 19, 2019","33,266.9","33,346.0","33,618.6","33,070.0","0.04K","0.35%"
"Oct 20, 2019","33,790.0","33,266.9","34,165.0","33,090.0","0.06K","1.57%"
"Oct 21, 2019","34,110.0","33,790.0","34,500.0","33,629.2","0.24K","0.95%"
"Oct 22, 2019","33,251.0","34,110.0","34,498.7","33,250.0","0.18K","-2.52%"
"Oct 23, 2019","30,495.0","33,379.0","33,380.0","30,300.0","0.46K","-8.29%"
"Oct 24, 2019","30,500.0","30,495.0","31,270.2","30,011.0","0.20K","0.02%"
"Oct 25, 2019","34,100.0","30,500.1","34,600.0","30,500.0","0.54K","11.80%"
"Oct 26, 2019","35,801.0","34,100.0","39,990.0","34,100.0","0.74K","4.99%"
"Oct 27, 2019","36,600.0","35,802.0","37,850.0","35,132.0","0.31K","2.23%"
"Oct 28, 2019","36,710.0","36,530.0","37,555.6","35,460.0","0.42K","0.30%"
"Oct 29, 2019","37,550.0","36,710.0","37,750.0","36,604.0","0.34K","2.29%"
"Oct 30, 2019","36,640.0","37,550.0","37,558.1","36,500.0","0.21K","-2.42%"
"Oct 31, 2019","37,400.0","36,640.0","37,560.0","36,100.0","0.25K","2.07%"
"Nov 01, 2019","36,848.0","37,400.0","37,400.0","36,627.0","0.17K","-1.48%"
"Nov 02, 2019","37,030.0","36,848.0","37,143.9","36,802.8","0.04K","0.49%"
"Nov 03, 2019","36,810.0","37,100.0","37,150.0","36,800.0","0.04K","-0.59%"
"Nov 04, 2019","37,490.0","36,810.0","38,000.0","36,704.0","0.29K","1.85%"
"Nov 05, 2019","37,601.0","37,500.0","37,845.0","37,300.0","0.19K","0.30%"
"Nov 06, 2019","38,001.0","37,601.0","38,100.0","37,355.6","0.28K","1.06%"
"Nov 07, 2019","37,810.0","37,800.0","38,100.0","37,601.0","0.19K","-0.50%"
"Nov 08, 2019","37,015.1","37,810.0","37,902.1","36,400.0","0.31K","-2.10%"
"Nov 09, 2019","36,827.0","37,139.0","37,230.1","36,550.0","0.06K","-0.51%"
"Nov 10, 2019","37,570.0","36,937.0","37,820.0","36,801.5","0.09K","2.02%"
"Nov 11, 2019","36,700.0","37,570.0","37,700.0","36,500.0","0.20K","-2.32%"
"Nov 12, 2019","36,810.4","36,676.0","37,205.0","36,500.0","0.16K","0.30%"
"Nov 13, 2019","36,800.1","36,810.4","37,200.0","36,600.4","0.16K","-0.03%"
"Nov 14, 2019","36,755.0","36,800.1","37,160.0","36,200.0","0.15K","-0.12%"
"Nov 15, 2019","36,040.0","36,755.0","36,899.9","36,000.0","0.11K","-1.95%"
"Nov 16, 2019","36,299.0","36,040.0","36,300.0","36,000.0","0.04K","0.72%"
"Nov 17, 2019","36,200.0","36,299.0","36,455.8","36,061.0","0.03K","-0.27%"
"Nov 18, 2019","34,910.6","36,200.0","36,399.0","34,051.0","0.22K","-3.56%"
"Nov 19, 2019","34,550.1","34,910.6","35,190.0","34,002.0","0.17K","-1.03%"
"Nov 20, 2019","34,100.0","34,550.1","34,777.7","34,035.0","0.12K","-1.30%"
"Nov 21, 2019","32,681.3","34,081.0","34,100.0","31,712.0","0.34K","-4.16%"
"Nov 22, 2019","31,000.0","32,555.0","33,499.0","29,400.1","0.78K","-5.14%"
"Nov 23, 2019","31,585.8","30,990.0","31,999.0","30,500.0","0.11K","1.89%"
"Nov 24, 2019","29,699.9","31,585.8","31,585.8","29,500.0","0.11K","-5.97%"
"Nov 25, 2019","30,740.0","29,699.9","31,500.0","28,800.0","0.35K","3.50%"
"Nov 26, 2019","30,750.0","30,740.0","31,095.0","30,350.0","0.20K","0.03%"
"Nov 27, 2019","32,500.0","30,750.0","33,000.0","29,700.0","0.36K","5.69%"
"Nov 28, 2019","31,750.0","32,500.0","32,999.0","31,599.9","0.27K","-2.31%"
"Nov 29, 2019","33,200.0","31,661.1","33,369.0","31,506.0","0.23K","4.57%"
"Nov 30, 2019","32,380.0","33,200.0","33,250.0","32,100.0","0.07K","-2.47%"
"Dec 01, 2019","31,787.0","32,380.0","32,554.4","31,505.0","0.09K","-1.83%"
"Dec 02, 2019","31,349.4","31,787.0","32,099.9","31,000.1","0.19K","-1.38%"
"Dec 03, 2019","30,999.0","31,349.4","31,694.1","30,999.0","0.17K","-1.12%"
"Dec 04, 2019","30,897.5","30,999.0","32,295.0","30,350.0","0.22K","-0.33%"
"Dec 05, 2019","31,210.7","30,897.5","31,600.0","30,650.0","0.15K","1.01%"
"Dec 06, 2019","31,255.4","31,210.7","31,513.0","30,917.1","0.13K","0.14%"
"Dec 07, 2019","31,285.0","31,255.4","31,490.0","31,176.0","0.03K","0.09%"
"Dec 08, 2019","31,201.0","31,285.0","31,450.0","30,862.0","0.04K","-0.27%"
"Dec 09, 2019","30,595.0","31,201.0","31,546.2","30,522.2","0.20K","-1.94%"
"Dec 10, 2019","30,190.0","30,595.0","30,949.1","30,103.0","0.21K","-1.32%"
"Dec 11, 2019","29,900.0","30,190.0","30,370.9","29,530.0","0.19K","-0.96%"
"Dec 12, 2019","29,878.0","29,900.0","30,200.0","29,498.9","0.20K","-0.07%"
"Dec 13, 2019","30,200.0","29,878.0","30,490.1","29,611.0","0.15K","1.08%"
"Dec 14, 2019","29,440.0","30,200.0","30,292.4","29,050.0","0.08K","-2.52%"
"Dec 15, 2019","29,250.1","29,440.0","29,500.0","29,008.9","0.04K","-0.65%"
"Dec 16, 2019","28,403.6","29,250.1","30,149.0","28,011.0","0.26K","-2.89%"
"Dec 17, 2019","27,009.1","28,403.6","28,403.6","27,000.0","0.28K","-4.91%"
"Dec 18, 2019","29,920.0","27,009.1","30,500.0","26,401.0","0.38K","10.78%"
"Dec 19, 2019","29,200.0","29,920.0","30,027.0","28,676.2","0.19K","-2.41%"
"Dec 20, 2019","29,612.0","29,200.0","29,800.0","28,943.9","0.19K","1.41%"
"Dec 21, 2019","29,329.0","29,612.0","29,832.0","29,300.0","0.03K","-0.96%"
"Dec 22, 2019","30,650.0","29,329.0","30,800.0","29,329.0","0.08K","4.50%"
"Dec 23, 2019","30,100.0","30,650.0","31,500.0","30,050.0","0.25K","-1.79%"
"Dec 24, 2019","29,830.3","30,100.0","31,048.0","29,550.0","0.11K","-0.90%"
"Dec 25, 2019","29,630.6","29,830.3","29,919.0","29,500.0","0.03K","-0.67%"
"Dec 26, 2019","29,600.0","29,630.6","30,200.0","29,501.0","0.15K","-0.10%"
"Dec 27, 2019","29,560.0","29,600.0","29,894.4","29,033.0","0.15K","-0.14%"
"Dec 28, 2019","29,775.0","29,560.0","29,889.0","29,560.0","0.04K","0.73%"
"Dec 29, 2019","29,820.0","29,775.0","30,210.0","29,560.5","0.03K","0.15%"
"Dec 30, 2019","29,699.9","29,820.0","30,200.0","29,400.0","0.17K","-0.40%"
"Dec 31, 2019","29,201.1","29,699.9","29,999.8","29,057.0","0.08K","-1.68%"
"Jan 01, 2020","29,199.0","29,201.1","29,399.0","29,100.0","0.02K","-0.01%"
"Jan 02, 2020","28,200.0","29,140.0","30,000.0","28,100.0","0.14K","-3.42%"
"Jan 03, 2020","29,776.2","28,200.0","30,350.0","28,003.0","0.22K","5.59%"
"Jan 04, 2020","29,761.0","29,776.2","29,980.0","29,611.0","0.04K","-0.05%"
"Jan 05, 2020","29,741.0","29,761.0","30,200.0","29,650.0","0.07K","-0.07%"
"Jan 06, 2020","31,400.0","29,741.0","31,500.0","29,650.1","0.28K","5.58%"
"Jan 07, 2020","33,000.0","31,400.0","33,350.0","31,400.0","0.49K","5.10%"
"Jan 08, 2020","32,800.3","33,000.0","34,280.1","32,000.1","0.47K","-0.61%"
"Jan 09, 2020","32,276.5","32,800.2","32,800.3","32,000.0","0.19K","-1.60%"
"Jan 10, 2020","33,208.8","32,276.5","33,369.8","31,800.0","0.24K","2.89%"
"Jan 11, 2020","32,860.0","33,208.8","33,450.4","32,800.0","0.07K","-1.05%"
"Jan 12, 2020","33,188.0","32,860.0","33,470.0","32,515.2","0.04K","1.00%"
"Jan 13, 2020","33,518.9","33,188.0","33,798.0","32,900.0","0.21K","1.00%"
"Jan 14, 2020","36,223.0","33,518.9","36,500.0","33,384.5","0.68K","8.07%"
"Jan 15, 2020","36,879.4","36,223.0","37,200.0","35,463.0","0.31K","1.81%"
"Jan 16, 2020","36,471.8","36,879.4","36,919.8","35,710.0","0.24K","-1.11%"
"Jan 17, 2020","37,226.5","36,471.8","37,499.0","36,386.0","0.26K","2.07%"
"Jan 18, 2020","37,260.0","37,226.5","37,500.0","37,055.0","0.09K","0.09%"
"Jan 19, 2020","36,599.7","37,260.0","38,000.0","35,501.0","0.21K","-1.77%"
"Jan 20, 2020","36,650.0","36,599.7","36,996.1","35,619.0","0.21K","0.14%"
"Jan 21, 2020","36,919.5","36,650.0","37,000.0","36,350.0","0.15K","0.74%"
"Jan 22, 2020","36,595.8","36,919.5","37,000.0","36,500.0","0.13K","-0.88%"
"Jan 23, 2020","35,216.0","36,595.8","36,640.0","34,590.0","0.25K","-3.77%"
"Jan 24, 2020","35,649.1","35,230.0","36,000.0","34,450.0","0.19K","1.23%"
"Jan 25, 2020","35,177.2","35,649.1","35,800.0","35,010.0","0.05K","-1.32%"
"Jan 26, 2020","35,950.0","35,177.2","35,977.0","35,056.2","0.04K","2.20%"
"Jan 27, 2020","37,000.2","35,950.0","37,790.0","35,891.3","0.37K","2.92%"
"Jan 28, 2020","38,920.0","37,000.2","39,000.0","37,000.0","0.41K","5.19%"
"Jan 29, 2020","39,185.1","38,950.0","39,530.0","38,450.0","0.38K","0.68%"
"Jan 30, 2020","40,005.0","39,185.1","40,588.9","38,551.1","0.49K","2.09%"
"Jan 31, 2020","39,890.8","39,991.0","40,299.0","39,000.0","0.25K","-0.29%"
"Feb 01, 2020","39,935.9","39,890.8","40,205.0","39,700.0","0.05K","0.11%"
"Feb 02, 2020","40,198.1","39,935.9","40,501.0","39,600.0","0.10K","0.66%"
"Feb 03, 2020","39,700.0","40,198.1","40,501.0","39,402.0","0.19K","-1.24%"
"Feb 04, 2020","39,376.0","39,700.0","39,914.0","38,700.0","0.21K","-0.82%"
"Feb 05, 2020","40,690.0","39,376.0","41,202.0","39,050.0","0.35K","3.34%"
"Feb 06, 2020","41,800.0","40,690.0","42,000.0","40,501.0","0.24K","2.73%"
"Feb 07, 2020","42,285.0","41,800.0","42,500.0","41,696.0","0.23K","1.16%"
"Feb 08, 2020","42,590.0","42,285.0","42,700.0","42,000.0","0.09K","0.72%"
"Feb 09, 2020","43,850.0","42,590.0","44,000.0","42,590.0","0.16K","2.96%"
"Feb 10, 2020","42,771.0","43,850.0","43,990.0","41,850.0","0.30K","-2.46%"
"Feb 11, 2020","44,221.9","42,771.0","44,700.0","42,250.0","0.37K","3.39%"